410.41,407.93,3.65,3.65,0.1763,3.9022,33.35,33.35,4.65,4.65,1e+05,1e+05,0,0,1e-05,1e-05,1e+05,1e+05,0,0.55802,0.099757,1,0,0.55802,1,360,0,0,0,0,501,501,501,451,451.07,451.1,88.448,17.667,0,70.869,97.178,19.479,0,76.899,699.34,140.43,0,552.98
267.87,263.13,3.65,3.65,0.14158,0.11936,33.35,33.35,4.65,4.65,1e+05,1e+05,0,0,1e-05,1e-05,1e+05,1e+05,0,0.28908,0.14794,1,0,0.28908,1,386,0,0,0,0,472.18,471.81,476.29,473.25,479.08,479.1,58.145,4.285,6.5588,59.595,56.189,4.0967,6.2649,58.145,404.7,29.486,45.213,419.06
340.71,156.09,3.65,3.65,9.3342,8.5161,33.35,33.35,4.65,4.65,1e+05,1e+05,0,0,1e-05,1e-05,1e+05,1e+05,0,0.82428,0.12376,1,0,0.82428,1,465,0,0,0,0,501,501,501,436.07,436.18,436.17,97.216,19.973,0,37.527,82.404,16.887,0,31.771,593.04,121.87,0,230.25
115.9,119.75,3.65,3.65,4.2776,2.2653,33.35,33.35,4.65,4.65,1e+05,1e+05,0,0,1e-05,1e-05,1e+05,1e+05,0,0.73362,0.40239,1,0,0.73362,1,460,0,0,0,0,406.83,415.12,415.12,485.7,482.43,483.01,25.154,1.6392,10.379,34.575,21.428,1.3865,8.8904,29.562,155.87,10.075,64.466,214.59
302.47,176.45,3.65,3.65,2.9041,4.6405,33.35,33.35,4.65,4.65,1e+05,1e+05,0,0,1e-05,1e-05,1e+05,1e+05,0,0.55295,0.14945,1,0,0.55295,1,473,0,0,0,0,501,501,501,476.51,475.53,484.69,88.914,6.6827,0,50.259,74.17,5.4998,0,41.684,534.03,39.597,0,301.41
280.58,312.4,3.65,3.65,0.13106,0.12216,33.35,33.35,4.65,4.65,1e+05,1e+05,0,0,1e-05,1e-05,1e+05,1e+05,0,0.9176,0.21419,1,0,0.9176,1,286,0,0,0,0,465,465.05,465.1,497.93,501,501,42.702,0.016747,8.1088,55.034,57.63,0,11.019,74.821,415.17,0,79.459,539.39
260.44,315.67,3.65,3.65,0.022268,4.2886,33.35,33.35,4.65,4.65,1e+05,1e+05,0,0,1e-05,1e-05,1e+05,1e+05,0,0.8436,0.28618,1,0,0.8436,1,236,0,0,0,0,500.59,500.59,500.6,414.05,423.09,423.11,38.131,9.9623,0.61735,33.92,64.241,16.543,0.94766,50.526,463.04,119.19,6.8332,364.03
322.43,301.44,3.65,3.65,4.7102,0.063338,33.35,33.35,4.65,4.65,1e+05,1e+05,0,0,1e-05,1e-05,1e+05,1e+05,0,0.99539,0.38148,1,0,0.99539,1,306,0,0,0,0,401.44,355.3,411.54,485.78,485.85,485.85,53.045,3.9671,7.4181,53.905,64.716,4.867,9.2745,69.485,465.04,35.102,66.8,501.18
344,392.9,3.65,3.65,0.12002,5.6289,33.35,33.35,4.65,4.65,1e+05,1e+05,0,0,1e-05,1e-05,1e+05,1e+05,0,0.95421,0.40995,1,0,0.95421,1,273,0,0,0,0,436.96,438.14,438.15,484.29,483.15,491.27,45.346,0.62017,13.941,63.997,65.451,0.85447,19.732,91.034,471.49,6.2243,141.87,655.77
268.66,205.53,3.65,3.65,5.8974,0.12036,33.35,33.35,4.65,4.65,1e+05,1e+05,0,0,1e-05,1e-05,1e+05,1e+05,0,0.30741,0.21876,1,0,0.30741,1,451,0,0,0,0,501,501,501,432.13,432.25,432.29,75.826,18.572,0.051153,45.164,63.566,15.545,0,39.483,458.6,112.13,0,285.27
211.81,204.58,3.65,3.65,1.1764,2.2855,33.35,33.35,4.65,4.65,1e+05,1e+05,0,0,1e-05,1e-05,1e+05,1e+05,0,0.59332,0.18991,1,0,0.59332,1,276,0,0,0,0,484.12,484.15,484.18,417.1,418.32,418.36,34.321,11.438,2.9564,25.027,49.256,16.4,4.2195,35.788,355.71,118.2,30.502,258.87
166.54,137.38,3.65,3.65,8.0984,7.2547,33.35,33.35,4.65,4.65,1e+05,1e+05,0,0,1e-05,1e-05,1e+05,1e+05,0,0.91551,0.3339,1,0,0.91551,1,213,0,0,0,0,492.6,492.61,492.62,434.18,434.23,434.29,22.431,5.3266,0.30008,14.468,42.111,9.9607,0.59265,27.19,304.76,72.188,4.2795,197.24
418.88,428.06,3.65,3.65,5.3953,0.31464,33.35,33.35,4.65,4.65,1e+05,1e+05,0,0,1e-05,1e-05,1e+05,1e+05,0,0.59349,0.37176,1,0,0.59349,1,494,0,0,0,0,435.07,455.4,455.4,501,496.28,501,101.68,0,23.151,126.07,79.847,0,18.011,100.53,574.16,0,129.26,723.6
291.3,359.5,3.65,3.65,0.089994,7.074,33.35,33.35,4.65,4.65,1e+05,1e+05,0,0,1e-05,1e-05,1e+05,1e+05,0,0.49226,0.19613,1,0,0.49226,1,478,0,0,0,0,501,501,501,501,501,501,86.866,0.013078,0,104.64,71.566,0,0,83.836,515.89,0,0,603.51
236.54,257.64,3.65,3.65,0.094637,0.31346,33.35,33.35,4.65,4.65,1e+05,1e+05,0,0,1e-05,1e-05,1e+05,1e+05,0,0.8295,0.23571,1,0,0.8295,1,400,0,0,0,0,482.02,482.07,482.07,498.13,498.13,498.13,55.342,0.93565,5.2391,64.024,53.787,0.92333,5.0097,60.869,388.54,6.7634,35.931,439
260.93,272.99,3.65,3.65,4.2942,2.4746,33.35,33.35,4.65,4.65,1e+05,1e+05,0,0,1e-05,1e-05,1e+05,1e+05,0,0.27085,0.20277,1,0,0.27085,1,220,0,0,0,0,462.41,464.39,464.47,478.49,478.52,482.92,30.571,1.627,5.6927,35.808,54.967,2.9571,10.253,64.741,396.05,21.312,73.901,466.7
202.2,465.98,3.65,3.65,0.48935,6.7626,33.35,33.35,4.65,4.65,1e+05,1e+05,0,0,1e-05,1e-05,1e+05,1e+05,0,0.95587,0.18001,1,0,0.95587,1,139,0,0,0,0,407.8,407.93,408.04,436.96,441.56,441.65,12.207,3.9568,11.801,29.477,35.414,11.549,33.752,84.595,256,83.377,242.48,608.29
192.43,206.91,3.65,3.65,0.48023,0.70909,33.35,33.35,4.65,4.65,1e+05,1e+05,0,0,1e-05,1e-05,1e+05,1e+05,0,0.46926,0.26436,1,0,0.46926,1,336,0,0,0,0,434.15,443.5,441.53,478.61,483.43,483.45,31.657,3.124,10.721,41.286,36.834,3.6196,12.403,48.035,265.74,26.165,89.561,347.13
395,315.9,3.65,3.65,0.4212,0.25366,33.35,33.35,4.65,4.65,1e+05,1e+05,0,0,1e-05,1e-05,1e+05,1e+05,0,0.52604,0.21537,1,0,0.52604,1,230,0,0,0,0,501,501,501,419.47,420.02,420.1,54.402,16.209,0.0051941,31.619,93.015,27.715,0,53.97,669.31,199.1,0,388.62
490.62,486.34,3.65,3.65,0.10089,0.10678,33.35,33.35,4.65,4.65,1e+05,1e+05,0,0,1e-05,1e-05,1e+05,1e+05,0,0.65909,0.31111,1,0,0.65909,1,189,0,0,0,0,423.28,425.2,431.23,414.24,427.91,427.96,44.697,12.718,9.3067,41.038,91.984,26.221,19.108,84.364,662.13,188.36,137.41,606.59
413.02,311.29,3.65,3.65,1.0736,0.17215,33.35,33.35,4.65,4.65,1e+05,1e+05,0,0,1e-05,1e-05,1e+05,1e+05,0,0.63096,0.14987,1,0,0.63096,1,457,0,0,0,0,501,501,501,497.15,497.16,497.16,113.03,2.879,0,86.181,96.688,2.4399,0,74.312,695.62,17.559,0,535.57
263.6,245.9,3.65,3.65,0.18126,0.067716,33.35,33.35,4.65,4.65,1e+05,1e+05,0,0,1e-05,1e-05,1e+05,1e+05,0,0.50054,0.15197,1,0,0.50054,1,457,0,0,0,0,497.01,497.02,497.04,500.07,500.07,500.08,74.626,1.1877,1.1649,70.259,60.228,0.94949,0.96758,58.813,435.07,6.9456,7.0129,425.12
218.48,197.34,3.65,3.65,9.3913,2.95,33.35,33.35,4.65,4.65,1e+05,1e+05,0,0,1e-05,1e-05,1e+05,1e+05,0,0.31969,0.30416,1,0,0.31969,1,192,0,0,0,0,444.31,444.4,444.48,448.76,448.22,448.82,22.988,4.6133,3.2479,19.927,47.848,9.5641,6.7401,41.482,345.55,69.058,48.658,299.88
354.43,398.81,3.65,3.65,0.51758,5.7236,33.35,33.35,4.65,4.65,1e+05,1e+05,0,0,1e-05,1e-05,1e+05,1e+05,0,0.86228,0.34437,1,0,0.86228,1,174,0,0,0,0,488.24,488.26,488.26,501,501,501,35.571,0.057524,2.1762,41.468,81.464,0,5.0035,94.332,586.53,0,35.812,679.04
345.74,346.44,3.65,3.65,0.89612,1.1915,33.35,33.35,4.65,4.65,1e+05,1e+05,0,0,1e-05,1e-05,1e+05,1e+05,0,0.70734,0.3367,1,0,0.70734,1,264,0,0,0,0,494.16,494.19,494.19,480.88,480.89,480.92,54.995,3.6373,0.86321,52.385,82.345,5.5397,1.309,78.297,593.32,39.834,9.4486,564.16
410.21,441.6,3.65,3.65,0.048113,1.2596,33.35,33.35,4.65,4.65,1e+05,1e+05,0,0,1e-05,1e-05,1e+05,1e+05,0,0.8081,0.34242,1,0,0.8081,1,192,0,0,0,0,483.66,483.71,483.72,403.41,401.84,422.54,43.661,13.923,3.7065,35.353,90.159,28.54,7.3253,69.752,649.03,205.37,52.936,501.99
450.5,456.38,3.65,3.65,1.8478,2.4512,33.35,33.35,4.65,4.65,1e+05,1e+05,0,0,1e-05,1e-05,1e+05,1e+05,0,0.27264,0.41742,1,0,0.27264,1,483,0,0,0,0,437.05,450.09,450.08,441.18,390.58,410.66,103.99,12.285,25.722,118.3,83.211,9.5985,19.698,95.648,599.61,69.005,141.53,687.49
143.33,123.9,3.65,3.65,3.9401,0.10256,33.35,33.35,4.65,4.65,1e+05,1e+05,0,0,1e-05,1e-05,1e+05,1e+05,0,0.98059,0.3565,1,0,0.98059,1,397,0,0,0,0,426.87,414.38,443.46,445.51,447.76,447.79,31.165,6.9608,5.1339,26.352,28.936,6.4725,5.0876,26.046,210.23,47.024,36.868,189.24
144.1,223.27,3.65,3.65,0.65037,2.8232,33.35,33.35,4.65,4.65,1e+05,1e+05,0,0,1e-05,1e-05,1e+05,1e+05,0,0.52101,0.10503,1,0,0.52101,1,469,0,0,0,0,409.77,414.39,409.94,428.56,429.37,429.46,32.985,12.365,16.95,48.134,27.4,10.402,14.279,40.252,200.1,75.382,103.08,291.04
328.67,328.67,3.65,3.65,1.2023,1.0061,33.35,33.35,4.65,4.65,1e+05,1e+05,0,0,1e-05,1e-05,1e+05,1e+05,0,0.92292,0.4024,1,0,0.92292,1,166,0,0,0,0,460.08,460.14,460.18,446.38,446.41,446.48,28.223,7.1275,5.1625,26.225,67.536,17.015,12.235,62.624,487.15,122.88,87.985,452.56
317.04,253.72,3.65,3.65,4.5082,1.8368,33.35,33.35,4.65,4.65,1e+05,1e+05,0,0,1e-05,1e-05,1e+05,1e+05,0,0.60131,0.23416,1,0,0.60131,1,401,0,0,0,0,501,501,501,486.59,486.63,486.63,78.477,3.6396,0,61.486,77.169,3.6101,0,60.447,556.42,25.907,0,435.75
239.64,200.71,3.65,3.65,1.2303,0.35737,33.35,33.35,4.65,4.65,1e+05,1e+05,0,0,1e-05,1e-05,1e+05,1e+05,0,0.93344,0.19461,1,0,0.93344,1,406,0,0,0,0,501,501,501,496.5,496.51,496.51,61.564,1.592,0,51.174,59.449,1.5314,0,49.756,428.75,11.008,0,358.64
365.51,323.39,3.65,3.65,0.79555,1.5658,33.35,33.35,4.65,4.65,1e+05,1e+05,0,0,1e-05,1e-05,1e+05,1e+05,0,0.88688,0.1462,1,0,0.88688,1,232,0,0,0,0,501,501,501,416.41,416.5,416.59,51.312,17.693,0,30.471,87.465,30.209,0,51.956,630.19,217.53,0,374.64
442.14,320.03,3.65,3.65,7.883,0.825,33.35,33.35,4.65,4.65,1e+05,1e+05,0,0,1e-05,1e-05,1e+05,1e+05,0,0.94023,0.2934,1,0,0.94023,1,193,0,0,0,0,501,501,501,436.03,436.1,436.14,50.348,10.563,0,30.103,103.34,21.754,0,61.967,743.5,156.75,0,446.44
265.13,260.33,3.65,3.65,3.8229,1.1347,33.35,33.35,4.65,4.65,1e+05,1e+05,0,0,1e-05,1e-05,1e+05,1e+05,0,0.74065,0.20417,1,0,0.74065,1,206,0,0,0,0,448.45,450.9,450.94,490.45,490.47,490.49,27.329,1.3768,6.8285,32.311,52.611,2.6673,13.223,62.303,379.31,19.254,95.261,449.19
407.12,407.17,3.65,3.65,0.38591,0.17015,33.35,33.35,4.65,4.65,1e+05,1e+05,0,0,1e-05,1e-05,1e+05,1e+05,0,0.14289,0.11048,1,0,0.14289,1,492,0,0,0,0,490.76,490.78,490.78,495.94,495.94,495.94,116.2,1.8597,4.3548,118.81,88.878,1.4311,3.4174,93.546,639.94,10.285,24.662,673.17
453.12,404.61,3.65,3.65,0.92336,1.4768,33.35,33.35,4.65,4.65,1e+05,1e+05,0,0,1e-05,1e-05,1e+05,1e+05,0,0.82127,0.20783,1,0,0.82127,1,199,0,0,0,0,501,501,501,498.28,498.29,498.3,53.062,1.2678,0,47.169,105.54,2.5505,0,94.02,759.21,18.273,0,675.93
186.35,198.74,3.65,3.65,0.10541,6.5481,33.35,33.35,4.65,4.65,1e+05,1e+05,0,0,1e-05,1e-05,1e+05,1e+05,0,0.80694,0.1478,1,0,0.80694,1,489,0,0,0,0,501,501,501,425.54,425.66,425.76,58.737,17.167,0.0051941,44.427,47.249,13.779,0,34.424,341.36,99.55,0,249.19
428.23,476.21,3.65,3.65,0.096853,0.93246,33.35,33.35,4.65,4.65,1e+05,1e+05,0,0,1e-05,1e-05,1e+05,1e+05,0,0.72003,0.35203,1,0,0.72003,1,204,0,0,0,0,428.64,428.81,428.89,475.16,479.25,482.89,37.724,2.2272,15.723,54.548,72.989,4.2627,29.86,103.81,525.43,30.809,214.88,746.13
214.4,196.3,3.65,3.65,1.5721,4.6735,33.35,33.35,4.65,4.65,1e+05,1e+05,0,0,1e-05,1e-05,1e+05,1e+05,0,0.23966,0.14541,1,0,0.23966,1,439,0,0,0,0,501,501,501,482.41,482.44,482.46,60.136,5.973,0.0067471,50.077,54.006,5.3566,0,44.686,389.91,38.808,0,323.3
328.94,388.21,3.65,3.65,5.6644,0.8517,33.35,33.35,4.65,4.65,1e+05,1e+05,0,0,1e-05,1e-05,1e+05,1e+05,0,0.57091,0.10455,1,0,0.57091,1,492,0,0,0,0,496.84,496.85,496.85,501,501,501,98.737,0,1.7996,115.34,78.624,0,1.4436,92.358,566.94,0,10.426,664.91
109.93,99.928,3.65,3.65,3.2065,0.47245,33.35,33.35,4.65,4.65,1e+05,1e+05,0,0,1e-05,1e-05,1e+05,1e+05,0,0.39515,0.28179,1,0,0.39515,1,478,0,0,0,0,425.18,416.9,425.37,400.14,400.28,400.34,25.954,10.254,7.9658,22.335,20.63,8.126,6.5161,18.234,150.22,59.391,47.342,133.01
355.78,261.93,3.65,3.65,1.8651,2.438,33.35,33.35,4.65,4.65,1e+05,1e+05,0,0,1e-05,1e-05,1e+05,1e+05,0,0.42254,0.17042,1,0,0.42254,1,252,0,0,0,0,496.83,496.83,496.84,444.29,444.39,444.42,53.936,13.483,0.6449,31.385,84.78,21.147,1.0349,49.2,610.27,152.55,7.5616,354.57
302.98,422.35,3.65,3.65,1.2847,1.447,33.35,33.35,4.65,4.65,1e+05,1e+05,0,0,1e-05,1e-05,1e+05,1e+05,0,0.97124,0.17575,1,0,0.97124,1,304,0,0,0,0,483.63,483.63,483.63,501,501,501,54.226,0,4.2285,76.64,70.475,0,5.5203,99.383,507.34,0,39.723,716.54
378.49,372.58,3.65,3.65,0.39438,2.1492,33.35,33.35,4.65,4.65,1e+05,1e+05,0,0,1e-05,1e-05,1e+05,1e+05,0,0.79466,0.23706,1,0,0.79466,1,370,0,0,0,0,499.64,499.64,499.65,492.7,492.74,492.74,83.393,2.1728,1.2991,81.684,89.427,2.3374,1.3795,86.892,643.58,16.802,9.9934,625.25
280.51,377.58,3.65,3.65,0.41226,0.082946,33.35,33.35,4.65,4.65,1e+05,1e+05,0,0,1e-05,1e-05,1e+05,1e+05,0,0.98421,0.10478,1,0,0.98421,1,485,0,0,0,0,419.48,419.71,419.75,501,501,501,54.994,0,39.439,110.97,42.718,0,31.89,89.994,308.22,0,229.3,647.69
130.39,150.95,3.65,3.65,4.9009,7.1759,33.35,33.35,4.65,4.65,1e+05,1e+05,0,0,1e-05,1e-05,1e+05,1e+05,0,0.8161,0.42049,1,0,0.8161,1,353,0,0,0,0,403.28,403.42,403.49,495.43,495.44,495.45,19.778,0.77185,12.098,33.953,22.123,0.88365,13.511,38.048,160.58,6.3652,97.752,275.51
252.99,311.4,3.65,3.65,0.1534,6.8727,33.35,33.35,4.65,4.65,1e+05,1e+05,0,0,1e-05,1e-05,1e+05,1e+05,0,0.23703,0.22307,1,0,0.23703,1,465,0,0,0,0,417.93,418.17,418.21,501,497.27,501,51.486,0.1449,28.035,89.474,43.552,0,22.708,72.744,314.06,0,163.74,524.62
373.53,404.55,3.65,3.65,0.10835,7.6186,33.35,33.35,4.65,4.65,1e+05,1e+05,0,0,1e-05,1e-05,1e+05,1e+05,0,0.90487,0.23918,1,0,0.90487,1,177,0,0,0,0,498.65,498.66,498.66,460.07,460.1,460.12,39.45,5.7033,0.65464,36.559,88.524,12.808,1.4605,81.359,637.17,92.111,10.473,585.72
265.79,235.32,3.65,3.65,6.6252,2.7977,33.35,33.35,4.65,4.65,1e+05,1e+05,0,0,1e-05,1e-05,1e+05,1e+05,0,0.48138,0.24072,1,0,0.48138,1,390,0,0,0,0,501,501,501,491.29,491.32,491.32,65.068,2.9519,0.0051941,55.827,65.715,2.9787,0,56.463,473.79,21.459,0,407.84
325.15,383.75,3.65,3.65,0.7751,0.64171,33.35,33.35,4.65,4.65,1e+05,1e+05,0,0,1e-05,1e-05,1e+05,1e+05,0,0.47383,0.2228,1,0,0.47383,1,424,0,0,0,0,427.89,428.1,428.12,501,501,501,61.773,0,27.17,98.352,57.317,0,25.152,91.357,412.58,0,181.09,657.21
275.24,125.39,3.65,3.65,3.0636,0.074204,33.35,33.35,4.65,4.65,1e+05,1e+05,0,0,1e-05,1e-05,1e+05,1e+05,0,0.92077,0.16426,1,0,0.92077,1,458,0,0,0,0,500.87,500.87,500.87,425.17,425.28,425.32,78.724,21.202,0.31064,27.694,66.542,17.94,0.27524,23.705,480.05,129.25,2.0278,172.04
277.84,197.99,3.65,3.65,1.4158,8.0219,33.35,33.35,4.65,4.65,1e+05,1e+05,0,0,1e-05,1e-05,1e+05,1e+05,0,0.59178,0.2187,1,0,0.59178,1,305,0,0,0,0,501,501,501,401.48,401.57,401.63,52.897,18.863,0,25.077,68.574,24.454,0,32.445,494.69,176.5,0,234.41
329,353.69,3.65,3.65,0.32546,0.8178,33.35,33.35,4.65,4.65,1e+05,1e+05,0,0,1e-05,1e-05,1e+05,1e+05,0,0.5433,0.24792,1,0,0.5433,1,432,0,0,0,0,497.5,497.51,497.51,501,501,501,85.473,0.0057765,2.4144,93.166,77.575,0,2.1544,84.27,560.86,0,15.535,606.45
230.58,259.25,3.65,3.65,5.5812,7.7519,33.35,33.35,4.65,4.65,1e+05,1e+05,0,0,1e-05,1e-05,1e+05,1e+05,0,0.69611,0.26927,1,0,0.69611,1,496,0,0,0,0,496.87,496.88,496.88,501,501,501,72.164,0.010388,1.2596,81.084,57.213,0,1.0132,64.485,413.78,0,7.3181,464.94
299.01,297.45,3.65,3.65,0.32611,5.9627,33.35,33.35,4.65,4.65,1e+05,1e+05,0,0,1e-05,1e-05,1e+05,1e+05,0,0.88294,0.24905,1,0,0.88294,1,275,0,0,0,0,501,501,501,498.43,498.43,498.44,50.922,0.79059,0,50.027,73.401,1.157,0,71.525,528.87,8.4202,0,515.86
445.64,331.68,3.65,3.65,3.1591,2.7012,33.35,33.35,4.65,4.65,1e+05,1e+05,0,0,1e-05,1e-05,1e+05,1e+05,0,0.6734,0.17007,1,0,0.6734,1,182,0,0,0,0,493.32,493.32,493.34,464.3,464.32,464.36,46.85,5.771,0.94064,32.603,102.13,12.579,2.106,70.94,734.82,90.409,15.183,512.12
315.22,279.21,3.65,3.65,5.2419,7.8976,33.35,33.35,4.65,4.65,1e+05,1e+05,0,0,1e-05,1e-05,1e+05,1e+05,0,0.72997,0.39538,1,0,0.72997,1,209,0,0,0,0,497.61,497.61,497.61,458.2,458.25,458.26,40.051,6.2896,0.56813,30.813,75.901,11.992,1.0924,58.659,548.9,86.498,7.9491,422.56
302.85,177.68,3.65,3.65,0.79066,0.028641,33.35,33.35,4.65,4.65,1e+05,1e+05,0,0,1e-05,1e-05,1e+05,1e+05,0,0.70831,0.11788,1,0,0.70831,1,427,0,0,0,0,421.51,421.63,421.67,497.52,501,497.53,59.647,0.040608,12.69,48.883,51.937,0,11.571,44.608,374.78,0.046378,83.628,322.85
343.24,335.38,3.65,3.65,1.5772,0.36922,33.35,33.35,4.65,4.65,1e+05,1e+05,0,0,1e-05,1e-05,1e+05,1e+05,0,0.69872,0.16697,1,0,0.69872,1,303,0,0,0,0,494.44,494.45,494.45,501,501,501,61.902,0,1.8601,62.263,80.414,0,2.435,81.195,578.25,0,17.561,584.36
149.32,187.14,3.65,3.65,0.25737,6.198,33.35,33.35,4.65,4.65,1e+05,1e+05,0,0,1e-05,1e-05,1e+05,1e+05,0,0.67182,0.25105,1,0,0.67182,1,295,0,0,0,0,489.06,489.09,489.09,460.72,460.79,460.8,27.16,3.8576,1.8591,30.694,36.501,5.1366,2.4554,40.527,264.73,37.474,17.707,293.15
354.26,335.44,3.65,3.65,0.21566,0.1803,33.35,33.35,4.65,4.65,1e+05,1e+05,0,0,1e-05,1e-05,1e+05,1e+05,0,0.52468,0.20508,1,0,0.52468,1,283,0,0,0,0,491.92,491.93,491.94,497.06,497.07,497.07,59.703,1.0085,1.4996,57.379,82.142,1.3841,2.0613,78.707,591.48,9.987,14.885,568.98
238.81,185.01,3.65,3.65,5.1021,0.15708,33.35,33.35,4.65,4.65,1e+05,1e+05,0,0,1e-05,1e-05,1e+05,1e+05,0,0.95228,0.22559,1,0,0.95228,1,346,0,0,0,0,499.06,499.07,499.07,501,501,501,51.633,0.016165,0.63417,41.165,57.702,0,0.73069,47,417.22,0.0051941,5.3396,339.98
233.91,448.15,3.65,3.65,8.0935,4.8633,33.35,33.35,4.65,4.65,1e+05,1e+05,0,0,1e-05,1e-05,1e+05,1e+05,0,0.54201,0.13412,1,0,0.54201,1,337,0,0,0,0,450.93,450.94,450.97,501,501,501,41.936,0,14.462,89.267,49.019,0,17.017,104.75,354.6,0,122.38,753.14
216.35,312.94,3.65,3.65,0.18682,3.7966,33.35,33.35,4.65,4.65,1e+05,1e+05,0,0,1e-05,1e-05,1e+05,1e+05,0,0.63712,0.19045,1,0,0.63712,1,343,0,0,0,0,495.31,495.31,495.33,501,501,501,45.654,0,2.5257,66.272,52.603,0,2.8888,75.493,380.11,0,20.722,544.19
462.31,259.87,3.65,3.65,3.8062,4.9114,33.35,33.35,4.65,4.65,1e+05,1e+05,0,0,1e-05,1e-05,1e+05,1e+05,0,0.94696,0.19409,1,0,0.94696,1,494,0,0,0,0,501,501,501,464.31,464.34,464.35,134.72,19.534,0,69.529,107.62,15.587,0,55.518,774.74,112.16,0,400.45
153.82,207.05,3.65,3.65,0.90107,3.8083,33.35,33.35,4.65,4.65,1e+05,1e+05,0,0,1e-05,1e-05,1e+05,1e+05,0,0.46539,0.17149,1,0,0.46539,1,370,0,0,0,0,478.1,478.12,478.15,464.16,464.18,464.19,34.043,3.1759,4.1739,44.939,36.311,3.4041,4.4952,47.776,262.94,24.582,32.472,345.18
238.74,284.41,3.65,3.65,0.69218,1.9544,33.35,33.35,4.65,4.65,1e+05,1e+05,0,0,1e-05,1e-05,1e+05,1e+05,0,0.54081,0.076703,1,0,0.54081,1,486,0,0,0,0,461.91,468.47,468.53,420.85,420.99,422.44,63.359,20.814,12.212,62.549,51.363,16.842,9.8497,50.395,370.34,121.57,70.903,363.47
280.96,190.68,3.65,3.65,1.2801,4.6621,33.35,33.35,4.65,4.65,1e+05,1e+05,0,0,1e-05,1e-05,1e+05,1e+05,0,0.508,0.17557,1,0,0.508,1,436,0,0,0,0,501,501,501,416.41,416.49,416.53,76.535,23.283,0,37.5,69.364,21.092,0,33.751,499.99,151.98,0,243.85
434.07,408.23,3.65,3.65,0.33858,2.2891,33.35,33.35,4.65,4.65,1e+05,1e+05,0,0,1e-05,1e-05,1e+05,1e+05,0,0.45661,0.10675,1,0,0.45661,1,288,0,0,0,0,501,501,501,406.75,406.81,406.89,74.174,24.152,0,47.795,101.86,33.097,0,65.264,733.1,238.37,0,469.77
301.14,259.06,3.65,3.65,2.8553,2.4591,33.35,33.35,4.65,4.65,1e+05,1e+05,0,0,1e-05,1e-05,1e+05,1e+05,0,0.92142,0.32562,1,0,0.92142,1,187,0,0,0,0,501,501,501,445.74,445.78,445.82,34.692,6.4022,0.010388,24.796,73.803,13.64,0,52.782,531.68,98.313,0,380.23
463.84,406.18,3.65,3.65,0.38822,8.2123,33.35,33.35,4.65,4.65,1e+05,1e+05,0,0,1e-05,1e-05,1e+05,1e+05,0,0.98475,0.23254,1,0,0.98475,1,219,0,0,0,0,501,501,501,485.86,487.66,487.67,59.627,3.272,0,50.423,107.97,5.9574,0,90.926,776.57,42.96,0,654.28
225.29,185.84,3.65,3.65,7.8151,0.75439,33.35,33.35,4.65,4.65,1e+05,1e+05,0,0,1e-05,1e-05,1e+05,1e+05,0,0.5215,0.29992,1,0,0.5215,1,426,0,0,0,0,501,501,501,448.68,448.74,448.77,61.041,10.627,0.026529,42.463,56.118,9.753,0,39.337,405.35,70.306,0,284.27
212.64,460.16,3.65,3.65,9.2518,4.8546,33.35,33.35,4.65,4.65,1e+05,1e+05,0,0,1e-05,1e-05,1e+05,1e+05,0,0.75523,0.18428,1,0,0.75523,1,319,0,0,0,0,433.76,433.82,433.9,501,501,501,31.996,0,22.786,86.493,39.73,0,28.392,106.97,286.64,0,203.9,771.67
235.3,313.05,3.65,3.65,0.060017,3.0844,33.35,33.35,4.65,4.65,1e+05,1e+05,0,0,1e-05,1e-05,1e+05,1e+05,0,0.92806,0.30745,1,0,0.92806,1,189,0,0,0,0,432.57,432.7,432.77,475.2,475.23,475.24,21.157,2.1009,8.9106,33.726,44.716,4.401,18.069,68.414,322.66,31.825,130,492.55
294.09,371.95,3.65,3.65,0.10043,6.0175,33.35,33.35,4.65,4.65,1e+05,1e+05,0,0,1e-05,1e-05,1e+05,1e+05,0,0.29091,0.23643,1,0,0.29091,1,178,0,0,0,0,440.55,440.66,440.68,403.4,403.52,403.6,25.19,11.463,9.054,25.84,56.301,25.582,19.519,55.571,405.88,184.41,140.45,400.43
210.83,390.23,3.65,3.65,0.63027,5.5997,33.35,33.35,4.65,4.65,1e+05,1e+05,0,0,1e-05,1e-05,1e+05,1e+05,0,0.5034,0.14002,1,0,0.5034,1,454,0,0,0,0,487.84,487.84,487.85,501,501,501,58.506,0,5.1137,106.89,50.795,0,4.4303,92.541,367.24,0,31.943,666.45
261.16,119.52,3.65,3.65,6.7513,0.18501,33.35,33.35,4.65,4.65,1e+05,1e+05,0,0,1e-05,1e-05,1e+05,1e+05,0,0.93546,0.1457,1,0,0.93546,1,446,0,0,0,0,499.64,499.64,499.64,480.88,480.89,480.91,72.574,5.3045,0.56338,32.584,63.678,4.6845,0.51184,28.744,459.36,33.625,3.7445,208.62
173.2,153.72,3.65,3.65,0.27778,9.286,33.35,33.35,4.65,4.65,1e+05,1e+05,0,0,1e-05,1e-05,1e+05,1e+05,0,0.97113,0.2684,1,0,0.97113,1,487,0,0,0,0,501,499.38,501,405.05,405.27,405.31,54.493,19.874,0,31.165,44.134,16.039,0,24.506,319.24,115.93,0,177.73
247.23,184.79,3.65,3.65,9.6223,0.12011,33.35,33.35,4.65,4.65,1e+05,1e+05,0,0,1e-05,1e-05,1e+05,1e+05,0,0.39511,0.27052,1,0,0.39511,1,351,0,0,0,0,501,501,501,434.28,434.36,434.42,54.572,12.359,0.045071,32.564,59.117,13.34,0,36.647,426.76,96.456,0,265.29
452.42,472.54,3.65,3.65,2.0961,1.1954,33.35,33.35,4.65,4.65,1e+05,1e+05,0,0,1e-05,1e-05,1e+05,1e+05,0,0.82607,0.4152,1,0,0.82607,1,154,0,0,0,0,454.68,456.59,456.62,496.11,496.11,496.11,34.447,0.62014,6.9516,41.911,88.809,1.6414,17.93,108.43,638.53,11.807,128.94,780.09
169.03,211.94,3.65,3.65,0.74233,4.673,33.35,33.35,4.65,4.65,1e+05,1e+05,0,0,1e-05,1e-05,1e+05,1e+05,0,0.24375,0.17332,1,0,0.24375,1,487,0,0,0,0,445.45,445.49,445.54,501,501,501,42.974,0.033118,13.169,65.989,34.682,0,10.536,52.667,250.86,0,75.96,380.62
462.5,235.99,3.65,3.65,6.5719,0.14028,33.35,33.35,4.65,4.65,1e+05,1e+05,0,0,1e-05,1e-05,1e+05,1e+05,0,0.88786,0.089747,1,0,0.88786,1,437,0,0,0,0,489.01,489.02,489.02,501,501,501,114.35,0.0053882,2.9834,65.404,102.7,0,2.6898,59.043,738.76,0,19.465,426.05
439.69,259.39,3.65,3.65,8.2118,1.3161,33.35,33.35,4.65,4.65,1e+05,1e+05,0,0,1e-05,1e-05,1e+05,1e+05,0,0.88966,0.26401,1,0,0.88966,1,391,0,0,0,0,501,501,501,436.89,436.94,436.94,101.97,23.748,0,49.328,102.79,23.881,0,49.783,739.52,171.66,0,358.85
273.72,287.99,3.65,3.65,2.3354,2.7383,33.35,33.35,4.65,4.65,1e+05,1e+05,0,0,1e-05,1e-05,1e+05,1e+05,0,0.56467,0.38335,1,0,0.56467,1,294,0,0,0,0,454.5,461.46,459.39,492.78,483.12,492.78,40.884,1.7982,10.11,51.084,55.07,2.4303,13.602,68.547,396.93,17.441,97.935,494.3
161.79,164.04,3.65,3.65,1.9372,1.4219,33.35,33.35,4.65,4.65,1e+05,1e+05,0,0,1e-05,1e-05,1e+05,1e+05,0,0.61596,0.23483,1,0,0.61596,1,428,0,0,0,0,491.76,491.79,491.79,496.65,501,501,43.554,0.01058,1.629,45.568,39.904,0,1.5175,41.869,288.93,0,10.947,302.69
114.87,124.26,3.65,3.65,8.1544,7.3093,33.35,33.35,4.65,4.65,1e+05,1e+05,0,0,1e-05,1e-05,1e+05,1e+05,0,0.84812,0.35688,1,0,0.84812,1,458,0,0,0,0,481.05,481.1,481.12,499.57,496.97,496.99,31.779,0.55061,3.1777,36.912,27.331,0.49285,2.7506,31.774,198.71,3.4776,20.018,230.92
205.94,193.79,3.65,3.65,4.7715,9.6208,33.35,33.35,4.65,4.65,1e+05,1e+05,0,0,1e-05,1e-05,1e+05,1e+05,0,0.44394,0.26913,1,0,0.44394,1,487,0,0,0,0,501,498.21,498.22,491.94,493.22,493.22,64.296,2.2849,0,58.78,51.968,1.8934,0,47.68,375.63,13.718,0,344.43
184.93,298.83,3.65,3.65,0.33658,3.5401,33.35,33.35,4.65,4.65,1e+05,1e+05,0,0,1e-05,1e-05,1e+05,1e+05,0,0.85412,0.10239,1,0,0.85412,1,377,0,0,0,0,472.87,472.87,472.89,414.3,414.45,414.53,41.515,15.607,5.5092,46.008,43.448,16.335,5.8061,48.115,313.69,118.23,41.906,346.83
275.4,223.97,3.65,3.65,1.0569,3.208,33.35,33.35,4.65,4.65,1e+05,1e+05,0,0,1e-05,1e-05,1e+05,1e+05,0,0.26682,0.15593,1,0,0.26682,1,351,0,0,0,0,501,501,501,411.34,411.44,411.54,60.45,20.769,0.010773,32.95,67.951,23.362,0,36.65,490.06,168.55,0,264.71
279.06,364.36,3.65,3.65,3.9221,3.0458,33.35,33.35,4.65,4.65,1e+05,1e+05,0,0,1e-05,1e-05,1e+05,1e+05,0,0.73531,0.22657,1,0,0.73531,1,450,0,0,0,0,498.43,498.44,498.44,501,501,501,77.147,0,2.5438,99.817,67.403,0,2.2371,87.601,485.27,0,16.252,631.15
492.83,491.59,3.65,3.65,7.4614,6.1547,33.35,33.35,4.65,4.65,1e+05,1e+05,0,0,1e-05,1e-05,1e+05,1e+05,0,0.21697,0.3331,1,0,0.21697,1,395,0,0,0,0,486.38,481.83,481.86,490.55,498.64,498.64,110.17,1.7895,4.0128,112.12,110.13,1.8143,4.0602,111.97,791.73,13.061,29.061,804.6
171.83,358.56,3.65,3.65,0.1167,4.8954,33.35,33.35,4.65,4.65,1e+05,1e+05,0,0,1e-05,1e-05,1e+05,1e+05,0,0.77562,0.13143,1,0,0.77562,1,370,0,0,0,0,492.49,492.49,492.5,489.33,489.33,489.33,39.918,2.4912,2.7692,76.457,42.479,2.6725,2.942,80.872,307.93,19.319,21.179,582.43
387.46,424.12,3.65,3.65,0.016937,0.42113,33.35,33.35,4.65,4.65,1e+05,1e+05,0,0,1e-05,1e-05,1e+05,1e+05,0,0.75651,0.27297,1,0,0.75651,1,282,0,0,0,0,490,490.01,490.03,435.57,382.15,432.6,61.479,8.2776,4.9813,62.245,85.647,11.124,5.9985,75.639,616.65,80.081,43.138,544.77
420.09,201.3,3.65,3.65,6.3498,0.26879,33.35,33.35,4.65,4.65,1e+05,1e+05,0,0,1e-05,1e-05,1e+05,1e+05,0,0.9081,0.17859,1,0,0.9081,1,377,0,0,0,0,501,501,501,456.56,456.6,456.63,94.474,14.698,0,41.286,98.684,15.356,0,43.283,709.6,110.33,0,312.87
296.52,354.58,3.65,3.65,0.79678,5.6654,33.35,33.35,4.65,4.65,1e+05,1e+05,0,0,1e-05,1e-05,1e+05,1e+05,0,0.8037,0.1692,1,0,0.8037,1,251,0,0,0,0,501,501,501,490.63,490.64,490.64,46.055,1.6398,0,52.503,72.742,2.6169,0,82.673,523.84,18.846,0,595.49
217.14,191.77,3.65,3.65,2.3477,3.3187,33.35,33.35,4.65,4.65,1e+05,1e+05,0,0,1e-05,1e-05,1e+05,1e+05,0,0.8615,0.2546,1,0,0.8615,1,389,0,0,0,0,501,501,501,491.13,491.14,491.15,53.733,1.9333,0,46.473,54.584,1.9712,0,47.077,394.34,14.197,0,340.18
245.19,342.71,3.65,3.65,0.034018,0.39772,33.35,33.35,4.65,4.65,1e+05,1e+05,0,0,1e-05,1e-05,1e+05,1e+05,0,0.89287,0.16948,1,0,0.89287,1,462,0,0,0,0,486.95,486.96,486.97,501,501,501,67.148,0.020961,6.6183,96.745,56.589,0,5.3948,78.387,408.58,0,38.614,565.14
371.99,405.17,3.65,3.65,4.7018,0.24789,33.35,33.35,4.65,4.65,1e+05,1e+05,0,0,1e-05,1e-05,1e+05,1e+05,0,0.83479,0.14399,1,0,0.83479,1,367,0,0,0,0,495.3,495.31,495.31,501,501,501,81.026,0,2.2638,89.257,86.414,0,2.4818,96.053,622.65,0,17.842,691.1
466.82,485.45,3.65,3.65,0.31002,0.046567,33.35,33.35,4.65,4.65,1e+05,1e+05,0,0,1e-05,1e-05,1e+05,1e+05,0,0.91495,0.22802,1,0,0.91495,1,335,0,0,0,0,473.68,475.83,475.83,501,501,501,83.724,0.015582,8.8235,94.946,94.573,0,10.261,111.63,680.74,0,73.844,802.86
341.73,344.42,3.65,3.65,0.027634,0.398,33.35,33.35,4.65,4.65,1e+05,1e+05,0,0,1e-05,1e-05,1e+05,1e+05,0,0.63969,0.16772,1,0,0.63969,1,494,0,0,0,0,501,501,501,491.6,462.92,487.03,103.6,3.4028,0,100.75,81.965,2.5843,0,71.827,592.35,18.616,0,517.14
413.44,369.61,3.65,3.65,0.59589,0.98966,33.35,33.35,4.65,4.65,1e+05,1e+05,0,0,1e-05,1e-05,1e+05,1e+05,0,0.96973,0.17044,1,0,0.96973,1,490,0,0,0,0,501,501,501,501,501,501,121.36,0,0,110.1,97.577,0,0,88.213,701.99,0,0,634.95
377.08,328.48,3.65,3.65,1.8157,0.20603,33.35,33.35,4.65,4.65,1e+05,1e+05,0,0,1e-05,1e-05,1e+05,1e+05,0,0.074206,0.077404,1,0,0.074206,1,467,0,0,0,0,400.4,400.58,400.66,469.84,469.89,469.89,70.887,11.616,31.768,84.469,56.119,9.1725,26.205,70.525,404.55,65.968,189.37,508.69
449.31,217.73,3.65,3.65,3.63,0.36714,33.35,33.35,4.65,4.65,1e+05,1e+05,0,0,1e-05,1e-05,1e+05,1e+05,0,0.59464,0.16266,1,0,0.59464,1,390,0,0,0,0,501,501,501,449.45,449.48,449.54,103.72,19.97,0,43.96,104.7,20.194,0,44.501,753.31,145.15,0,321.02
435.65,389.01,3.65,3.65,0.33614,0.057176,33.35,33.35,4.65,4.65,1e+05,1e+05,0,0,1e-05,1e-05,1e+05,1e+05,0,0.59033,0.14823,1,0,0.59033,1,463,0,0,0,0,501,501,501,501,501,501,119.63,0.0055824,0.0086882,108.76,98.579,0,0,92.134,709.22,0,0,662.59
313.25,344.78,3.65,3.65,7.0337,3.4616,33.35,33.35,4.65,4.65,1e+05,1e+05,0,0,1e-05,1e-05,1e+05,1e+05,0,0.424,0.1293,1,0,0.424,1,371,0,0,0,0,497.37,497.37,497.37,501,501,501,70.448,0,1.9839,78.207,74.867,0,2.1388,83.378,539.28,0,15.266,600.45
486.76,393.12,3.65,3.65,6.8523,4.8056,33.35,33.35,4.65,4.65,1e+05,1e+05,0,0,1e-05,1e-05,1e+05,1e+05,0,0.9296,0.11999,1,0,0.9296,1,236,0,0,0,0,499.29,499.3,499.31,499.66,499.66,499.67,67,1.0218,0,55.289,112.4,1.7176,0,92.608,808.28,12.388,0,666.71
348.56,267.91,3.65,3.65,0.62894,1.9899,33.35,33.35,4.65,4.65,1e+05,1e+05,0,0,1e-05,1e-05,1e+05,1e+05,0,0.96333,0.20551,1,0,0.96333,1,417,0,0,0,0,501,501,501,470.95,470.98,471.01,88.875,9.6687,0,62.893,84.014,9.1036,0,59.12,605.03,65.625,0,426.26
171.62,184.81,3.65,3.65,2.0965,9.6884,33.35,33.35,4.65,4.65,1e+05,1e+05,0,0,1e-05,1e-05,1e+05,1e+05,0,0.96884,0.54223,1,0,0.96884,1,271,0,0,0,0,442.2,450.52,450.57,452.94,446.99,454.72,22.662,4.3586,7.9017,27.578,33.155,6.3348,11.521,40.259,240.16,45.802,83.326,290.69
319.09,358.92,3.65,3.65,3.8331,0.76374,33.35,33.35,4.65,4.65,1e+05,1e+05,0,0,1e-05,1e-05,1e+05,1e+05,0,0.34608,0.1394,1,0,0.34608,1,346,0,0,0,0,485.81,485.84,485.84,501,501,501,64.019,0,4.9474,75.545,72.474,0,5.6547,86.225,523.74,0,40.645,620.97
290.96,155.81,3.65,3.65,4.6474,0.10142,33.35,33.35,4.65,4.65,1e+05,1e+05,0,0,1e-05,1e-05,1e+05,1e+05,0,0.7448,0.1712,1,0,0.7448,1,391,0,0,0,0,499.19,499.19,499.2,474.58,474.61,474.63,70.165,7.7906,0.62197,35.109,69.838,7.7402,0.631,35.523,503.51,55.786,4.6199,257.45
223.52,233.46,3.65,3.65,1.088,2.5398,33.35,33.35,4.65,4.65,1e+05,1e+05,0,0,1e-05,1e-05,1e+05,1e+05,0,0.49126,0.44493,1,0,0.49126,1,381,0,0,0,0,406.79,423.66,423.67,441.61,413.4,425.65,38.49,5.5959,16.636,50.936,39.584,5.5827,16.955,52.047,285.69,40.373,122.12,376.27
187.77,148.48,3.65,3.65,5.5596,0.30101,33.35,33.35,4.65,4.65,1e+05,1e+05,0,0,1e-05,1e-05,1e+05,1e+05,0,0.63093,0.18105,1,0,0.63093,1,494,0,0,0,0,490.65,490.68,490.69,495.51,495.51,495.51,57.11,0.9461,2.1692,47.292,45.019,0.75542,1.7197,37.671,325.73,5.4659,12.477,272.78
498.83,488.12,3.65,3.65,2.6623,1.9174,33.35,33.35,4.65,4.65,1e+05,1e+05,0,0,1e-05,1e-05,1e+05,1e+05,0,0.3495,0.49624,1,0,0.3495,1,401,0,0,0,0,475.94,437.27,455.09,406.44,414.72,414.71,112.36,40.481,4.5266,75.122,109.42,39.089,3.9986,73.026,787.49,281.21,28.707,525.45
343.65,225.17,3.65,3.65,2.6425,0.11252,33.35,33.35,4.65,4.65,1e+05,1e+05,0,0,1e-05,1e-05,1e+05,1e+05,0,0.94223,0.2552,1,0,0.94223,1,268,0,0,0,0,501,501,501,425.16,425.24,425.35,56.001,20.204,0,24.683,81.698,29.518,0,36.439,588.11,211.37,0,263.35
246.25,408.96,3.65,3.65,0.29055,7.2508,33.35,33.35,4.65,4.65,1e+05,1e+05,0,0,1e-05,1e-05,1e+05,1e+05,0,0.8067,0.22482,1,0,0.8067,1,191,0,0,0,0,460.69,460.72,460.77,488.4,488.42,488.43,24.886,0.74988,7.4455,45.596,51.901,1.6065,15.423,94.514,374.42,11.636,110.96,680.12
379.57,393.26,3.65,3.65,0.23141,0.37622,33.35,33.35,4.65,4.65,1e+05,1e+05,0,0,1e-05,1e-05,1e+05,1e+05,0,0.77771,0.15006,1,0,0.77771,1,463,0,0,0,0,501,501,501,501,501,501,106.4,0.0051941,0,109.62,90.121,0,0,92.579,648.95,0,0,666.12
184.61,159.12,3.65,3.65,1.74,8.1618,33.35,33.35,4.65,4.65,1e+05,1e+05,0,0,1e-05,1e-05,1e+05,1e+05,0,0.59727,0.29994,1,0,0.59727,1,361,0,0,0,0,499.63,499.64,499.64,408.19,408.32,408.41,42.359,15.06,0.59412,24.273,46.452,16.493,0.66009,26.482,335.77,118.95,4.7235,191.71
137.74,191.07,3.65,3.65,3.8121,5.8245,33.35,33.35,4.65,4.65,1e+05,1e+05,0,0,1e-05,1e-05,1e+05,1e+05,0,0.76613,0.30501,1,0,0.76613,1,479,0,0,0,0,413.03,413.19,413.22,501,501,501,30.262,0,17.878,58.876,24.837,0,14.699,48.419,180.01,0,106.23,350.14
330.4,272.19,3.65,3.65,4.2592,0.9049,33.35,33.35,4.65,4.65,1e+05,1e+05,0,0,1e-05,1e-05,1e+05,1e+05,0,0.44813,0.27159,1,0,0.44813,1,474,0,0,0,0,501,501,501,441.95,442.11,442.11,96.483,18.719,0.0053882,65.749,79.992,15.443,0,54.609,576.01,111.52,0,393.75
154.25,290.47,3.65,3.65,0.99053,2.941,33.35,33.35,4.65,4.65,1e+05,1e+05,0,0,1e-05,1e-05,1e+05,1e+05,0,0.64128,0.13731,1,0,0.64128,1,391,0,0,0,0,402.24,402.37,402.46,501,501,501,26.446,0,23.132,70.739,26.583,0,23.368,71.319,192.39,0,168.15,514.41
378.3,424.87,3.65,3.65,2.157,0.81385,33.35,33.35,4.65,4.65,1e+05,1e+05,0,0,1e-05,1e-05,1e+05,1e+05,0,0.8008,0.28028,1,0,0.8008,1,472,0,0,0,0,469.41,469.57,469.57,501,501,501,95.291,0.0051941,14.99,119.56,79.439,0,12.544,99.673,571.76,0,90.232,718.75
168.88,278.84,3.65,3.65,3.7493,8.0537,33.35,33.35,4.65,4.65,1e+05,1e+05,0,0,1e-05,1e-05,1e+05,1e+05,0,0.50402,0.17469,1,0,0.50402,1,427,0,0,0,0,487.47,487.47,487.47,501,501,501,44.805,0,3.3997,74.421,41.329,0,3.1653,68.801,299.29,0,22.796,495.52
349.28,458.57,3.65,3.65,0.036817,0.57105,33.35,33.35,4.65,4.65,1e+05,1e+05,0,0,1e-05,1e-05,1e+05,1e+05,0,0.84654,0.24438,1,0,0.84654,1,358,0,0,0,0,419.91,420.01,420.04,501,501,501,57.014,0.0077176,25.113,96.574,62.577,0,26.631,102.39,450.01,0,191.41,736.63
257.5,286.95,3.65,3.65,0.24286,3.0544,33.35,33.35,4.65,4.65,1e+05,1e+05,0,0,1e-05,1e-05,1e+05,1e+05,0,0.41299,0.21192,1,0,0.41299,1,267,0,0,0,0,487.78,487.78,487.8,489.97,489.99,489.99,41.16,2.7119,2.3372,44.849,61.095,4.0132,3.4273,65.457,441,28.978,24.762,471.41
250.84,384.14,3.65,3.65,1.6053,2.3808,33.35,33.35,4.65,4.65,1e+05,1e+05,0,0,1e-05,1e-05,1e+05,1e+05,0,0.83103,0.12722,1,0,0.83103,1,372,0,0,0,0,480.94,480.98,480.98,501,501,501,54.144,0,7.4286,86.513,57.478,0,7.8776,91.797,414.5,0,56.707,661.7
477.82,455.13,3.65,3.65,2.296,8.5262,33.35,33.35,4.65,4.65,1e+05,1e+05,0,0,1e-05,1e-05,1e+05,1e+05,0,0.89315,0.36066,1,0,0.89315,1,195,0,0,0,0,501,501,501,487.08,487.09,487.1,54.351,2.4744,0,50.016,110.66,5.0567,0,101.79,795.19,36.389,0,732.25
262.25,251.89,3.65,3.65,6.7794,0.42165,33.35,33.35,4.65,4.65,1e+05,1e+05,0,0,1e-05,1e-05,1e+05,1e+05,0,0.80501,0.49551,1,0,0.80501,1,438,0,0,0,0,432.4,351.99,383.95,474.21,475.35,475.35,68.472,7.5796,4.082,62.734,60.585,6.57,3.5077,56.352,437.25,47.322,25.225,406.32
306.02,275.66,3.65,3.65,5.2329,0.34633,33.35,33.35,4.65,4.65,1e+05,1e+05,0,0,1e-05,1e-05,1e+05,1e+05,0,0.82595,0.38529,1,0,0.82595,1,210,0,0,0,0,485.47,491.04,491.04,474.96,475,475.01,37.666,3.3742,2.006,33.216,70.439,6.3679,3.8295,62.82,507.4,45.827,27.652,452.87
334.24,244.26,3.65,3.65,2.6887,0.034148,33.35,33.35,4.65,4.65,1e+05,1e+05,0,0,1e-05,1e-05,1e+05,1e+05,0,0.60489,0.19739,1,0,0.60489,1,413,0,0,0,0,501,501,501,487.69,487.7,487.71,84.518,5.5454,0.048718,60.008,75.861,5.058,0,57.192,546.09,36.541,0,412.7
352.86,316.11,3.65,3.65,2.1914,4.5051,33.35,33.35,4.65,4.65,1e+05,1e+05,0,0,1e-05,1e-05,1e+05,1e+05,0,0.6577,0.25687,1,0,0.6577,1,202,0,0,0,0,501,501,501,494.66,494.66,494.66,43.233,1.5285,0,38.082,85.037,3.0409,0,74.973,612.31,22.095,0,539.54
154.88,214.19,3.65,3.65,1.3138,8.1422,33.35,33.35,4.65,4.65,1e+05,1e+05,0,0,1e-05,1e-05,1e+05,1e+05,0,0.84731,0.17762,1,0,0.84731,1,471,0,0,0,0,497.73,497.73,497.73,501,501,501,47.005,0,1.0053,64.481,39.268,0,0.85547,53.851,284.36,0,6.1283,389.2
416.96,411.68,3.65,3.65,1.3215,0.15487,33.35,33.35,4.65,4.65,1e+05,1e+05,0,0,1e-05,1e-05,1e+05,1e+05,0,0.37436,0.13208,1,0,0.37436,1,453,0,0,0,0,496.23,496.24,496.24,501,501,501,111.62,0.0051941,1.7278,111.84,95.349,0,1.5573,97.252,686.11,0,11.058,699.46
367.13,264.89,3.65,3.65,1.32,0.47135,33.35,33.35,4.65,4.65,1e+05,1e+05,0,0,1e-05,1e-05,1e+05,1e+05,0,0.49265,0.17507,1,0,0.49265,1,377,0,0,0,0,501,501,501,461.23,461.25,461.27,84.038,11.585,0,54.367,87.57,12.092,0,56.647,630.5,87.043,0,408.93
211.49,218.32,3.65,3.65,1.1253,0.22805,33.35,33.35,4.65,4.65,1e+05,1e+05,0,0,1e-05,1e-05,1e+05,1e+05,0,0.62762,0.25267,1,0,0.62762,1,335,0,0,0,0,419.24,430.49,430.53,501,501,501,35.067,0.0061647,10.582,46.528,40.51,0,12.406,54.629,292.21,0,89.646,394.55
232.83,209.38,3.65,3.65,8.1553,3.5221,33.35,33.35,4.65,4.65,1e+05,1e+05,0,0,1e-05,1e-05,1e+05,1e+05,0,0.32741,0.30357,1,0,0.32741,1,373,0,0,0,0,496.31,496.32,496.33,456.27,456.43,456.45,55.106,11.073,0.032682,40.06,58.159,11.728,0,42.37,419.68,84.543,0,306.32
344.07,416.03,3.65,3.65,1.5625,1.2046,33.35,33.35,4.65,4.65,1e+05,1e+05,0,0,1e-05,1e-05,1e+05,1e+05,0,0.89525,0.32782,1,0,0.89525,1,459,0,0,0,0,430.17,430.48,430.49,501,501,501,70.246,0.0051941,32.133,114.34,60.472,0,27.484,98.045,433.95,0,197.92,706.18
351.18,349.99,3.65,3.65,4.516,0.92526,33.35,33.35,4.65,4.65,1e+05,1e+05,0,0,1e-05,1e-05,1e+05,1e+05,0,0.66617,0.3416,1,0,0.66617,1,111,0,0,0,0,414.45,414.54,414.59,482.17,482.2,482.21,16.404,1.752,7.1663,21.747,59.021,6.2648,25.842,78.429,425.08,45.36,186.09,564.4
312.19,308.21,3.65,3.65,8.294,4.3483,33.35,33.35,4.65,4.65,1e+05,1e+05,0,0,1e-05,1e-05,1e+05,1e+05,0,0.88429,0.47687,1,0,0.88429,1,420,0,0,0,0,498.94,492.56,492.94,483.47,483.87,483.87,80.255,4.2136,1.3696,76.468,75.036,3.827,1.2076,71.659,540.65,27.604,8.6073,516.63
125.92,110.12,3.65,3.65,8.2266,0.51584,33.35,33.35,4.65,4.65,1e+05,1e+05,0,0,1e-05,1e-05,1e+05,1e+05,0,0.64222,0.38257,1,0,0.64222,1,407,0,0,0,0,451.43,434.71,452.39,431.51,431.68,431.69,30.766,8.2089,2.5226,22.411,29.261,7.8503,2.4361,21.71,212.62,57.116,17.696,157.72
195.88,159.48,3.65,3.65,8.6418,0.28985,33.35,33.35,4.65,4.65,1e+05,1e+05,0,0,1e-05,1e-05,1e+05,1e+05,0,0.91435,0.23365,1,0,0.91435,1,493,0,0,0,0,501,501,501,497.87,497.88,497.88,61.936,0.95763,0.026716,50.56,48.923,0.77452,0,40.361,353.66,5.505,0,292.41
239.21,186.35,3.65,3.65,5.658,0.032497,33.35,33.35,4.65,4.65,1e+05,1e+05,0,0,1e-05,1e-05,1e+05,1e+05,0,0.26493,0.19203,1,0,0.26493,1,377,0,0,0,0,414.05,412.39,417.81,449.56,449.63,449.67,40.546,7.3027,12.957,39.481,34.33,6.1684,13.041,41.206,248.28,44.624,94.189,297.5
398.75,464.39,3.65,3.65,4.7,9.0921,33.35,33.35,4.65,4.65,1e+05,1e+05,0,0,1e-05,1e-05,1e+05,1e+05,0,0.7836,0.16208,1,0,0.7836,1,193,0,0,0,0,494.42,494.42,494.42,501,501,501,45.118,0,1.337,52.55,92.816,0,2.7843,108.08,667.83,0,19.966,777.41
164.99,164.64,3.65,3.65,6.0891,3.7678,33.35,33.35,4.65,4.65,1e+05,1e+05,0,0,1e-05,1e-05,1e+05,1e+05,0,0.6541,0.48773,1,0,0.6541,1,486,0,0,0,0,465.52,440.13,455.14,474.44,480.25,480.25,48.345,4.5215,3.936,47.603,38.866,3.6405,3.1096,38.507,281.87,26.468,22.447,278.74
365.27,499.34,3.65,3.65,0.14611,0.30747,33.35,33.35,4.65,4.65,1e+05,1e+05,0,0,1e-05,1e-05,1e+05,1e+05,0,0.74006,0.21273,1,0,0.74006,1,213,0,0,0,0,410.04,410.11,410.17,501,501,501,32.589,0,19.283,61.591,60.023,0,35.651,113.63,432.02,0,256.24,817.62
286.47,256.48,3.65,3.65,3.7285,0.15143,33.35,33.35,4.65,4.65,1e+05,1e+05,0,0,1e-05,1e-05,1e+05,1e+05,0,0.35687,0.25157,1,0,0.35687,1,307,0,0,0,0,487.26,484.53,491.49,454.43,454.48,454.5,52.935,8.058,1.7963,42.498,65.842,9.9299,2.2938,54.783,474.78,71.594,16.59,395.18
453.5,352.84,3.65,3.65,5.3334,0.014832,33.35,33.35,4.65,4.65,1e+05,1e+05,0,0,1e-05,1e-05,1e+05,1e+05,0,0.75413,0.24071,1,0,0.75413,1,217,0,0,0,0,493.49,493.5,493.51,494.6,494.61,494.62,56.401,1.911,1.2161,45.208,92.608,3.1589,2.1818,82.662,666.41,22.726,15.801,595.19
409.25,362.48,3.65,3.65,1.3077,0.0038478,33.35,33.35,4.65,4.65,1e+05,1e+05,0,0,1e-05,1e-05,1e+05,1e+05,0,0.38198,0.2956,1,0,0.38198,1,426,0,0,0,0,405.64,41.17,112.74,405.33,405.96,405.94,97.088,35.265,6.9669,62.611,29.324,10.735,0,55.83,213.04,77.876,0,402.09
397.65,300.51,3.65,3.65,2.4691,0.0032503,33.35,33.35,4.65,4.65,1e+05,1e+05,0,0,1e-05,1e-05,1e+05,1e+05,0,0.68088,0.28671,1,0,0.68088,1,377,0,0,0,0,497.74,491.59,501,416.54,416.74,416.79,87.394,26.84,2.3498,49.725,50.982,15.497,0,51.312,368.52,111.95,0,369.75
376.9,226.25,3.65,3.65,0.83352,0.0078149,33.35,33.35,4.65,4.65,1e+05,1e+05,0,0,1e-05,1e-05,1e+05,1e+05,0,0.72713,0.14582,1,0,0.72713,1,408,0,0,0,0,491.58,491.58,491.59,479.34,479.36,479.37,88.139,7.3333,3.1872,54.32,72.098,6.0402,2.5538,52.005,520.38,43.408,18.508,376.36
425.61,249.19,3.65,3.65,8.8741,0.0070819,33.35,33.35,4.65,4.65,1e+05,1e+05,0,0,1e-05,1e-05,1e+05,1e+05,0,0.77296,0.22219,1,0,0.77296,1,344,0,0,0,0,501,501,501,468.78,468.83,468.89,86.338,13.652,0.25267,45.77,84.172,13.419,0,52.684,606.81,96.575,0,380.05
286.94,206.14,3.65,3.65,3.0042,0.0025137,33.35,33.35,4.65,4.65,1e+05,1e+05,0,0,1e-05,1e-05,1e+05,1e+05,0,0.49923,0.24526,1,0,0.49923,1,412,0,0,0,0,498.44,484.79,498.44,430.05,430.16,430.2,68.752,17.955,4.282,41.566,29.61,7.875,0.81949,39.008,215.1,57.424,5.9805,281.45
372.67,226.7,3.65,3.65,4.4836,0.0016611,33.35,33.35,4.65,4.65,1e+05,1e+05,0,0,1e-05,1e-05,1e+05,1e+05,0,0.4324,0.12649,1,0,0.4324,1,491,0,0,0,0,480.47,480.5,480.51,495.4,495.4,495.41,97.833,2.7141,9.71,69.518,43.7,1.2718,4.6162,55.64,315.76,9.1719,33.463,401.75
278.67,457.02,3.65,3.65,0.0011664,1.1732,33.35,33.35,4.65,4.65,1e+05,1e+05,0,0,1e-05,1e-05,1e+05,1e+05,0,0.9871,0.20369,1,0,0.9871,1,257,0,0,0,0,418.79,418.87,418.94,485.49,485.5,485.51,34.357,4.7892,16.214,62.199,52.051,4.3032,14.706,55.643,375.29,30.981,106.14,404.89
449.46,486.14,3.65,3.65,0.013312,0.1945,33.35,33.35,4.65,4.65,1e+05,1e+05,0,0,1e-05,1e-05,1e+05,1e+05,0,0.42961,0.24343,1,0,0.42961,1,391,0,0,0,0,409.33,415.28,415.17,423.23,239.76,317.13,74.489,4.7023,31.655,105.87,73.551,3.6818,24.78,83.254,529.54,26.42,178.35,599.42
157.14,189.88,3.65,3.65,0.016257,3.9739,33.35,33.35,4.65,4.65,1e+05,1e+05,0,0,1e-05,1e-05,1e+05,1e+05,0,0.9682,0.30895,1,0,0.9682,1,470,0,0,0,0,474.97,475.06,475.07,403.53,227.48,370.56,44.145,5.1141,4.7873,51.182,36.913,3.4612,2.8981,30.511,267.24,25.038,20.976,221.59
244.93,448.5,3.65,3.65,0.0051582,1.651,33.35,33.35,4.65,4.65,1e+05,1e+05,0,0,1e-05,1e-05,1e+05,1e+05,0,0.6256,0.17092,1,0,0.6256,1,259,0,0,0,0,426.31,426.33,426.35,454.81,454.86,454.92,31.962,8.0999,13.905,55.005,48.468,11.374,17.592,69.856,350.09,82.141,126.44,503.11
303.51,396.37,3.65,3.65,0.00056624,8.8406,33.35,33.35,4.65,4.65,1e+05,1e+05,0,0,1e-05,1e-05,1e+05,1e+05,0,0.91709,0.33566,1,0,0.91709,1,253,0,0,0,0,475.14,475.2,475.25,469.41,395.51,484.35,41.866,5.9377,7.4429,53.074,64.776,3.3989,3.8678,27.213,466.84,24.378,28.136,197.74
233.48,305.9,3.65,3.65,0.00058558,5.5714,33.35,33.35,4.65,4.65,1e+05,1e+05,0,0,1e-05,1e-05,1e+05,1e+05,0,0.71876,0.24373,1,0,0.71876,1,453,0,0,0,0,488.44,488.47,488.47,498.47,329.96,486.9,63.97,5.6496,4.4402,79.743,55.346,0,1.2354,21.485,400,0,8.9353,156.92
328.11,462.66,3.65,3.65,0.014071,3.4896,33.35,33.35,4.65,4.65,1e+05,1e+05,0,0,1e-05,1e-05,1e+05,1e+05,0,0.89973,0.18172,1,0,0.89973,1,358,0,0,0,0,501,501,501,501,501,501,72.178,0.082682,0,96.996,79.736,0,0,97.799,574.61,0,0,703.76
