410.41,407.93,3.65,3.65,0.1763,3.9022,33.35,33.35,4.65,4.65,1e+05,1e+05,0,0,1e-05,1e-05,1e+05,1e+05,0,0.55802,0.099757,1,0,0.55802,1,360,0,0,0,0,478.63,473.97,480.09,75.34,75.44,75.73,82.576,82.805,1.0086,1.0795,89.86,89.773,1.0974,1.1598,644.45,644.01,7.9137,8.1066
267.87,263.13,3.65,3.65,0.14158,0.11936,33.35,33.35,4.65,4.65,1e+05,1e+05,0,0,1e-05,1e-05,1e+05,1e+05,0,0.28908,0.14794,1,0,0.28908,1,386,0,0,0,0,90.43,87.58,96.3,82.12,88.99,86.96,30.595,30.624,29.81,29.731,28.301,28.229,27.632,27.428,203.46,203.03,198.91,197.37
340.71,156.09,3.65,3.65,9.3342,8.5161,33.35,33.35,4.65,4.65,1e+05,1e+05,0,0,1e-05,1e-05,1e+05,1e+05,0,0.82428,0.12376,1,0,0.82428,1,465,0,0,0,0,496.66,496.66,496.67,358.06,357.35,357.24,90.18,42.154,0.73064,23.587,75.852,35.565,0.62441,19.778,544.77,254.43,4.5725,142.65
115.9,119.75,3.65,3.65,4.2776,2.2653,33.35,33.35,4.65,4.65,1e+05,1e+05,0,0,1e-05,1e-05,1e+05,1e+05,0,0.73362,0.40239,1,0,0.73362,1,460,0,0,0,0,252.64,263.14,263.15,394.34,328.14,381.22,10.767,4.7978,23.01,29.164,8.9678,3.9942,19.333,24.713,64.885,28.868,139.96,178.9
302.47,176.45,3.65,3.65,2.9041,4.6405,33.35,33.35,4.65,4.65,1e+05,1e+05,0,0,1e-05,1e-05,1e+05,1e+05,0,0.55295,0.14945,1,0,0.55295,1,473,0,0,0,0,498.11,498.11,498.12,210.4,210.54,210.91,83.342,74.432,0.082165,5.7139,68.699,61.486,0,4.7066,493.85,442.2,0,34.018
280.58,312.4,3.65,3.65,0.13106,0.12216,33.35,33.35,4.65,4.65,1e+05,1e+05,0,0,1e-05,1e-05,1e+05,1e+05,0,0.9176,0.21419,1,0,0.9176,1,286,0,0,0,0,55.43,56.12,56.41,202.06,174.77,224.83,7.8317,7.0038,43.482,44.276,9.9596,8.7965,57.794,58.833,71.603,63.188,414.29,422.67
260.44,315.67,3.65,3.65,0.022268,4.2886,33.35,33.35,4.65,4.65,1e+05,1e+05,0,0,1e-05,1e-05,1e+05,1e+05,0,0.8436,0.28618,1,0,0.8436,1,236,0,0,0,0,399.96,400,400.12,136.79,104.46,166.22,32.635,30.49,4.3526,6.9004,54.424,50.713,6.3196,9.9559,391.04,364.23,45.344,71.432
322.43,301.44,3.65,3.65,4.7102,0.063338,33.35,33.35,4.65,4.65,1e+05,1e+05,0,0,1e-05,1e-05,1e+05,1e+05,0,0.99539,0.38148,1,0,0.99539,1,306,0,0,0,0,73.22,36.54,55.69,342.6,348.25,348.27,12.465,12.514,42.352,42.314,13.915,14.214,53.298,53.414,99.863,102.17,382.76,383.77
344,392.9,3.65,3.65,0.12002,5.6289,33.35,33.35,4.65,4.65,1e+05,1e+05,0,0,1e-05,1e-05,1e+05,1e+05,0,0.95421,0.40995,1,0,0.95421,1,273,0,0,0,0,343.24,343.7,343.74,248.7,105.74,206.16,28.852,10.638,28.437,48.912,40.954,14.292,38.701,66.703,293.85,102.18,277.39,478.33
268.66,205.53,3.65,3.65,5.8974,0.12036,33.35,33.35,4.65,4.65,1e+05,1e+05,0,0,1e-05,1e-05,1e+05,1e+05,0,0.30741,0.21876,1,0,0.30741,1,451,0,0,0,0,329.73,185.34,424.04,297.49,299.57,299.67,64.919,41.863,5.249,23.382,52.417,33.749,3.8521,19.801,376.84,243.13,27.653,142.67
211.81,204.58,3.65,3.65,1.1764,2.2855,33.35,33.35,4.65,4.65,1e+05,1e+05,0,0,1e-05,1e-05,1e+05,1e+05,0,0.59332,0.18991,1,0,0.59332,1,276,0,0,0,0,388.58,393.03,403.77,327.03,325.37,327.2,28.452,18.43,6.4074,16.056,40.448,26.14,9.0791,22.751,291.38,187.93,65.419,164.08
166.54,137.38,3.65,3.65,8.0984,7.2547,33.35,33.35,4.65,4.65,1e+05,1e+05,0,0,1e-05,1e-05,1e+05,1e+05,0,0.91551,0.3339,1,0,0.91551,1,213,0,0,0,0,311.89,481.06,481.08,418.35,418.39,418.42,20.303,7.209,0.92884,11.825,37.74,13.415,1.734,22.05,272.33,96.623,12.374,159.68
418.88,428.06,3.65,3.65,5.3953,0.31464,33.35,33.35,4.65,4.65,1e+05,1e+05,0,0,1e-05,1e-05,1e+05,1e+05,0,0.59349,0.37176,1,0,0.59349,1,494,0,0,0,0,49.03,65.32,65.23,397.22,313.12,328.55,2.9805,5.1274,116.01,113.77,1.5705,3.4583,90.64,88.884,11.47,24.797,650.03,637.41
291.3,359.5,3.65,3.65,0.089994,7.074,33.35,33.35,4.65,4.65,1e+05,1e+05,0,0,1e-05,1e-05,1e+05,1e+05,0,0.49226,0.19613,1,0,0.49226,1,478,0,0,0,0,324.94,325.4,325.42,264.27,107.36,254.98,33.633,7.3316,58.195,90.022,26.558,4.6093,44.259,68.317,190.63,33.311,317.92,491.02
236.54,257.64,3.65,3.65,0.094637,0.31346,33.35,33.35,4.65,4.65,1e+05,1e+05,0,0,1e-05,1e-05,1e+05,1e+05,0,0.8295,0.23571,1,0,0.8295,1,400,0,0,0,0,76.48,79.56,79.48,91.41,56.2,97.25,22.205,16.571,37.088,43.156,19.929,14.408,33.039,38.575,143.64,103.88,237.57,277.63
260.93,272.99,3.65,3.65,4.2942,2.4746,33.35,33.35,4.65,4.65,1e+05,1e+05,0,0,1e-05,1e-05,1e+05,1e+05,0,0.27085,0.20277,1,0,0.27085,1,220,0,0,0,0,362.01,362.82,362.86,440.23,440.28,443.18,18.996,4.6552,15.518,30.485,33.913,8.3531,27.796,54.707,243.68,60.141,199.87,392.9
202.2,465.98,3.65,3.65,0.48935,6.7626,33.35,33.35,4.65,4.65,1e+05,1e+05,0,0,1e-05,1e-05,1e+05,1e+05,0,0.95587,0.18001,1,0,0.95587,1,139,0,0,0,0,361.91,361.98,360.92,23.37,343.36,343.46,10.514,6.4246,13.019,21.897,30.263,18.497,36.995,62.189,217.56,133.36,265.04,445.19
192.43,206.91,3.65,3.65,0.48023,0.70909,33.35,33.35,4.65,4.65,1e+05,1e+05,0,0,1e-05,1e-05,1e+05,1e+05,0,0.46926,0.26436,1,0,0.46926,1,336,0,0,0,0,196.84,201.02,201.22,231.88,193.97,264.33,12.063,12.427,28.879,28.539,13.809,14.151,32.933,32.593,99.424,101.87,237.57,234.86
395,315.9,3.65,3.65,0.4212,0.25366,33.35,33.35,4.65,4.65,1e+05,1e+05,0,0,1e-05,1e-05,1e+05,1e+05,0,0.52604,0.21537,1,0,0.52604,1,230,0,0,0,0,427.83,426.58,431.27,108.03,108.12,108.3,45.573,47.803,4.781,2.9753,76.995,80.876,7.951,4.9343,552.16,580.1,57.094,35.338
490.62,486.34,3.65,3.65,0.10089,0.10678,33.35,33.35,4.65,4.65,1e+05,1e+05,0,0,1e-05,1e-05,1e+05,1e+05,0,0.65909,0.31111,1,0,0.65909,1,189,0,0,0,0,89.22,83.24,98.2,72.65,77.52,77.23,28.542,27.335,22.125,23.374,56.311,53.819,43.166,45.709,403.66,385.59,309.46,327.83
413.02,311.29,3.65,3.65,1.0736,0.17215,33.35,33.35,4.65,4.65,1e+05,1e+05,0,0,1e-05,1e-05,1e+05,1e+05,0,0.63096,0.14987,1,0,0.63096,1,457,0,0,0,0,442.48,404.34,472.41,110.17,110.67,110.8,103.53,99.889,2.5412,5.334,86.418,83.136,1.6029,3.9074,620,596.39,11.367,27.984
263.6,245.9,3.65,3.65,0.18126,0.067716,33.35,33.35,4.65,4.65,1e+05,1e+05,0,0,1e-05,1e-05,1e+05,1e+05,0,0.50054,0.15197,1,0,0.50054,1,457,0,0,0,0,68.58,58.15,84.55,70.12,72.17,71.71,42.233,37.635,27.225,31.34,32.019,28.673,20.947,24.681,230.72,205.98,150.72,177.53
218.48,197.34,3.65,3.65,9.3913,2.95,33.35,33.35,4.65,4.65,1e+05,1e+05,0,0,1e-05,1e-05,1e+05,1e+05,0,0.31969,0.30416,1,0,0.31969,1,192,0,0,0,0,345.73,407.88,407.99,428.19,424.96,425.08,19.251,6.1995,5.2161,17.027,39.554,12.803,10.756,35.198,284.32,92.208,77.465,253.5
354.43,398.81,3.65,3.65,0.51758,5.7236,33.35,33.35,4.65,4.65,1e+05,1e+05,0,0,1e-05,1e-05,1e+05,1e+05,0,0.86228,0.34437,1,0,0.86228,1,174,0,0,0,0,444.48,444.48,444.52,390.38,391.41,395.12,30.392,11.722,5.4283,26.169,68.939,26.483,12.18,59.175,495.59,189.92,87.268,424.49
345.74,346.44,3.65,3.65,0.89612,1.1915,33.35,33.35,4.65,4.65,1e+05,1e+05,0,0,1e-05,1e-05,1e+05,1e+05,0,0.70734,0.3367,1,0,0.70734,1,264,0,0,0,0,295.08,314.18,314.24,272.74,214.14,256.58,32.517,23.769,20.092,28.92,47.84,34.551,29.366,42.259,343.5,249.78,211.14,303.5
410.21,441.6,3.65,3.65,0.048113,1.2596,33.35,33.35,4.65,4.65,1e+05,1e+05,0,0,1e-05,1e-05,1e+05,1e+05,0,0.8081,0.34242,1,0,0.8081,1,192,0,0,0,0,309.86,316.8,316.94,97.28,66.09,114.37,35.437,33.267,9.4443,11.739,72.153,67.462,17.863,22.318,517.3,483.54,128.07,160.21
450.5,456.38,3.65,3.65,1.8478,2.4512,33.35,33.35,4.65,4.65,1e+05,1e+05,0,0,1e-05,1e-05,1e+05,1e+05,0,0.27264,0.41742,1,0,0.27264,1,483,0,0,0,0,196.05,227.72,227.38,234.27,130.4,154.52,47.579,37.646,74.724,84.593,36.302,27.665,57.741,64.692,260.05,198.58,414.11,463.89
143.33,123.9,3.65,3.65,3.9401,0.10256,33.35,33.35,4.65,4.65,1e+05,1e+05,0,0,1e-05,1e-05,1e+05,1e+05,0,0.98059,0.3565,1,0,0.98059,1,397,0,0,0,0,115.95,58.96,124.6,345.81,347.15,347.2,8.8232,7.3097,22.725,23.985,7.8488,6.4863,22.095,23.359,56.837,46.965,160.29,169.35
144.1,223.27,3.65,3.65,0.65037,2.8232,33.35,33.35,4.65,4.65,1e+05,1e+05,0,0,1e-05,1e-05,1e+05,1e+05,0,0.52101,0.10503,1,0,0.52101,1,469,0,0,0,0,296.94,283.09,298.11,225.86,231.53,236.23,24.66,23.551,25.287,27.105,20.471,19.491,20.866,22.421,148,140.86,150.01,161.23
328.67,328.67,3.65,3.65,1.2023,1.0061,33.35,33.35,4.65,4.65,1e+05,1e+05,0,0,1e-05,1e-05,1e+05,1e+05,0,0.92292,0.4024,1,0,0.92292,1,166,0,0,0,0,316.52,313.19,331.38,336.78,337.49,349.34,16.563,12.507,14.893,18.96,39.197,29.511,35.237,44.889,282.19,212.43,252.77,322.51
317.04,253.72,3.65,3.65,4.5082,1.8368,33.35,33.35,4.65,4.65,1e+05,1e+05,0,0,1e-05,1e-05,1e+05,1e+05,0,0.60131,0.23416,1,0,0.60131,1,401,0,0,0,0,484.86,449.3,482.36,297.09,297.42,297.47,72.708,47.983,1.0238,21.344,70.671,46.62,0.95641,20.76,507.84,334.02,6.775,149.78
239.64,200.71,3.65,3.65,1.2303,0.35737,33.35,33.35,4.65,4.65,1e+05,1e+05,0,0,1e-05,1e-05,1e+05,1e+05,0,0.93344,0.19461,1,0,0.93344,1,406,0,0,0,0,341.62,314,359.22,236.05,235.98,236.21,46.856,36.477,9.593,18.305,44.466,34.597,8.9473,17.389,319.69,249.36,64.589,125.46
365.51,323.39,3.65,3.65,0.79555,1.5658,33.35,33.35,4.65,4.65,1e+05,1e+05,0,0,1e-05,1e-05,1e+05,1e+05,0,0.88688,0.1462,1,0,0.88688,1,232,0,0,0,0,410.82,416.55,422.88,220.87,220.98,221.12,41.354,37.837,6.2673,9.4519,70.178,64.277,10.622,15.973,503.91,460.75,76.167,114.6
442.14,320.03,3.65,3.65,7.883,0.825,33.35,33.35,4.65,4.65,1e+05,1e+05,0,0,1e-05,1e-05,1e+05,1e+05,0,0.94023,0.2934,1,0,0.94023,1,193,0,0,0,0,495.04,495.04,495.05,401.92,401.92,401.96,46.289,14.351,0.92872,24.994,94.353,29.225,1.9251,51.027,676.56,209.62,13.711,367.5
265.13,260.33,3.65,3.65,3.8229,1.1347,33.35,33.35,4.65,4.65,1e+05,1e+05,0,0,1e-05,1e-05,1e+05,1e+05,0,0.74065,0.20417,1,0,0.74065,1,206,0,0,0,0,351.46,357.2,360.13,472.06,472.04,472.06,16.73,2.4894,15.113,29.12,32.121,4.778,28.928,55.79,230.79,34.321,207.68,401.18
407.12,407.17,3.65,3.65,0.38591,0.17015,33.35,33.35,4.65,4.65,1e+05,1e+05,0,0,1e-05,1e-05,1e+05,1e+05,0,0.14289,0.11048,1,0,0.14289,1,492,0,0,0,0,76.9,94.34,83.46,123.86,85.82,110.84,43.537,33.832,69.734,79.553,29.364,22.773,50.463,58.904,211.01,163.74,362.47,422.56
453.12,404.61,3.65,3.65,0.92336,1.4768,33.35,33.35,4.65,4.65,1e+05,1e+05,0,0,1e-05,1e-05,1e+05,1e+05,0,0.82127,0.20783,1,0,0.82127,1,199,0,0,0,0,437.5,442.17,442.19,327.88,331.1,331.15,43.138,31.241,6.2419,17.159,85.304,61.778,12.369,33.871,611.69,442.26,88.677,242.95
186.35,198.74,3.65,3.65,0.10541,6.5481,33.35,33.35,4.65,4.65,1e+05,1e+05,0,0,1e-05,1e-05,1e+05,1e+05,0,0.80694,0.1478,1,0,0.80694,1,489,0,0,0,0,460.06,459.47,466.15,58.78,52.52,59.55,54.549,54.2,1.093,1.3214,43.549,43.187,0.85145,1.0233,314.09,311.25,6.208,7.384
428.23,476.21,3.65,3.65,0.096853,0.93246,33.35,33.35,4.65,4.65,1e+05,1e+05,0,0,1e-05,1e-05,1e+05,1e+05,0,0.72003,0.35203,1,0,0.72003,1,204,0,0,0,0,182.09,183.66,183.84,223.76,144.09,247.38,14.776,15.259,37.337,36.837,27.397,28.588,68.827,68.134,196.58,205.3,493.54,488.12
214.4,196.3,3.65,3.65,1.5721,4.6735,33.35,33.35,4.65,4.65,1e+05,1e+05,0,0,1e-05,1e-05,1e+05,1e+05,0,0.23966,0.14541,1,0,0.23966,1,439,0,0,0,0,448.76,444.29,452.29,260.93,261.23,263.81,51.916,40.461,4.2988,14.904,46.105,36.004,3.7921,13.097,332.34,259.24,27.434,94.6
328.94,388.21,3.65,3.65,5.6644,0.8517,33.35,33.35,4.65,4.65,1e+05,1e+05,0,0,1e-05,1e-05,1e+05,1e+05,0,0.57091,0.10455,1,0,0.57091,1,492,0,0,0,0,138.37,138.63,138.91,492.93,486.7,492.97,1.8502,0.87396,106.65,107.92,1.4304,0.66393,84.793,85.598,10.159,4.8272,608.72,614.46
109.93,99.928,3.65,3.65,3.2065,0.47245,33.35,33.35,4.65,4.65,1e+05,1e+05,0,0,1e-05,1e-05,1e+05,1e+05,0,0.39515,0.28179,1,0,0.39515,1,478,0,0,0,0,152.71,115.93,164.88,264.99,272.05,272.12,10.854,9.7276,19.783,20.835,8.4765,7.5281,15.923,16.789,61.581,54.907,115.75,121.88
355.78,261.93,3.65,3.65,1.8651,2.438,33.35,33.35,4.65,4.65,1e+05,1e+05,0,0,1e-05,1e-05,1e+05,1e+05,0,0.42254,0.17042,1,0,0.42254,1,252,0,0,0,0,484.8,485.6,488.29,284.95,282.75,282.84,50.129,33.143,0.97691,13.813,78.357,51.637,1.5512,21.666,560.94,370.51,11.094,155.91
302.98,422.35,3.65,3.65,1.2847,1.447,33.35,33.35,4.65,4.65,1e+05,1e+05,0,0,1e-05,1e-05,1e+05,1e+05,0,0.97124,0.17575,1,0,0.97124,1,304,0,0,0,0,232.85,232.92,233.14,495.52,491.66,495.53,9.5236,0.85341,59.537,71.072,12.225,1.0854,76.51,91.542,87.899,7.8033,548.49,656.91
378.49,372.58,3.65,3.65,0.39438,2.1492,33.35,33.35,4.65,4.65,1e+05,1e+05,0,0,1e-05,1e-05,1e+05,1e+05,0,0.79466,0.23706,1,0,0.79466,1,370,0,0,0,0,377.7,335.34,349.8,121.24,154.4,154.42,73.3,69.188,6.1845,10.31,77.356,72.869,5.8604,10.303,555.26,523.06,41.962,74.067
280.51,377.58,3.65,3.65,0.41226,0.082946,33.35,33.35,4.65,4.65,1e+05,1e+05,0,0,1e-05,1e-05,1e+05,1e+05,0,0.98421,0.10478,1,0,0.98421,1,485,0,0,0,0,24.95,25.17,25.66,477.94,488.29,491.21,0.42441,0.48327,103.78,103.7,0,0,82.967,82.882,0.016941,0.012322,595.76,595.08
130.39,150.95,3.65,3.65,4.9009,7.1759,33.35,33.35,4.65,4.65,1e+05,1e+05,0,0,1e-05,1e-05,1e+05,1e+05,0,0.8161,0.42049,1,0,0.8161,1,353,0,0,0,0,355.03,355.3,355.35,485.35,452.11,494.07,14.016,0.7791,16.485,31.796,15.571,0.85162,18.263,35.318,112.62,6.2754,131.91,255.05
252.99,311.4,3.65,3.65,0.1534,6.8727,33.35,33.35,4.65,4.65,1e+05,1e+05,0,0,1e-05,1e-05,1e+05,1e+05,0,0.23703,0.22307,1,0,0.23703,1,465,0,0,0,0,332.82,333.29,333.27,340.58,139.41,301.34,28.645,3.0137,50.079,81.07,23.32,1.5172,38.726,63.079,168.02,10.978,278.6,453.78
373.53,404.55,3.65,3.65,0.10835,7.6186,33.35,33.35,4.65,4.65,1e+05,1e+05,0,0,1e-05,1e-05,1e+05,1e+05,0,0.90487,0.23918,1,0,0.90487,1,177,0,0,0,0,474.9,471.04,474.91,147.42,142.47,150.94,36.631,35.034,1.0386,2.7616,81.637,78.036,2.2644,6.0426,585.49,560.03,16.149,43.327
265.79,235.32,3.65,3.65,6.6252,2.7977,33.35,33.35,4.65,4.65,1e+05,1e+05,0,0,1e-05,1e-05,1e+05,1e+05,0,0.48138,0.24072,1,0,0.48138,1,390,0,0,0,0,462.83,428.69,467.28,394.97,395.2,395.26,59.136,25.057,2.0165,32.463,59.16,25.017,1.9657,32.603,425.23,179.85,14.128,234.43
325.15,383.75,3.65,3.65,0.7751,0.64171,33.35,33.35,4.65,4.65,1e+05,1e+05,0,0,1e-05,1e-05,1e+05,1e+05,0,0.47383,0.2228,1,0,0.47383,1,424,0,0,0,0,63.59,64.35,64.41,422.8,310.08,394.16,0.51869,0.65785,91.765,91.714,0,0,83.736,83.769,0,0.18699,600.69,600.57
275.24,125.39,3.65,3.65,3.0636,0.074204,33.35,33.35,4.65,4.65,1e+05,1e+05,0,0,1e-05,1e-05,1e+05,1e+05,0,0.92077,0.16426,1,0,0.92077,1,458,0,0,0,0,444.41,445.25,450.12,217.77,217.84,220.45,69.742,63.993,2.3246,5.0935,58.049,53.045,1.8089,4.1463,417.35,381.25,13.043,30.068
277.84,197.99,3.65,3.65,1.4158,8.0219,33.35,33.35,4.65,4.65,1e+05,1e+05,0,0,1e-05,1e-05,1e+05,1e+05,0,0.59178,0.2187,1,0,0.59178,1,305,0,0,0,0,501,501,501,204.62,204.7,204.87,49.635,45.54,0.0055824,3.1904,63.836,58.527,0,4.0889,458.62,420.6,0,29.453
329,353.69,3.65,3.65,0.32546,0.8178,33.35,33.35,4.65,4.65,1e+05,1e+05,0,0,1e-05,1e-05,1e+05,1e+05,0,0.5433,0.24792,1,0,0.5433,1,432,0,0,0,0,111.86,121.91,121.88,205.72,88.65,114.91,12.208,10.837,75.055,76.445,9.35,8.1828,64.531,66.071,67.173,58.77,463.69,473.32
230.58,259.25,3.65,3.65,5.5812,7.7519,33.35,33.35,4.65,4.65,1e+05,1e+05,0,0,1e-05,1e-05,1e+05,1e+05,0,0.69611,0.26927,1,0,0.69611,1,496,0,0,0,0,384.73,385.37,385.36,473.92,416.39,454.95,42.595,1.8136,29.014,74.519,33.484,1.3871,22.804,58.549,240.84,9.9768,163.91,421.45
299.01,297.45,3.65,3.65,0.32611,5.9627,33.35,33.35,4.65,4.65,1e+05,1e+05,0,0,1e-05,1e-05,1e+05,1e+05,0,0.88294,0.24905,1,0,0.88294,1,275,0,0,0,0,461.68,457.87,460.98,170.34,190.32,190.56,45.88,41.435,2.1774,6.5576,65.796,59.227,3.0295,9.2165,471.32,425.26,21.668,66.327
445.64,331.68,3.65,3.65,3.1591,2.7012,33.35,33.35,4.65,4.65,1e+05,1e+05,0,0,1e-05,1e-05,1e+05,1e+05,0,0.6734,0.17007,1,0,0.6734,1,182,0,0,0,0,472.04,472.07,472.1,405.54,405.58,400.8,41.717,14.231,2.6225,23.779,90.373,30.768,5.7169,51.372,647.5,220.48,41.043,371.34
315.22,279.21,3.65,3.65,5.2419,7.8976,33.35,33.35,4.65,4.65,1e+05,1e+05,0,0,1e-05,1e-05,1e+05,1e+05,0,0.72997,0.39538,1,0,0.72997,1,209,0,0,0,0,493.72,494.2,495.2,399.65,399.74,399.87,37.2,16.192,0.87724,19.766,70.388,30.508,1.6404,37.311,505.41,219.06,11.859,268.05
302.85,177.68,3.65,3.65,0.79066,0.028641,33.35,33.35,4.65,4.65,1e+05,1e+05,0,0,1e-05,1e-05,1e+05,1e+05,0,0.70831,0.11788,1,0,0.70831,1,427,0,0,0,0,142.84,143.49,143.67,138.43,132.06,141.83,37.941,41.709,22.891,20.658,32.389,35.624,20.297,18.4,232.97,255.75,146.86,132.7
343.24,335.38,3.65,3.65,1.5772,0.36922,33.35,33.35,4.65,4.65,1e+05,1e+05,0,0,1e-05,1e-05,1e+05,1e+05,0,0.69872,0.16697,1,0,0.69872,1,303,0,0,0,0,233.16,231.59,234.73,385.49,385.69,385.82,21.309,11.506,37.853,47.43,27.369,14.652,48.532,61.337,196.05,106.01,350.91,439.66
149.32,187.14,3.65,3.65,0.25737,6.198,33.35,33.35,4.65,4.65,1e+05,1e+05,0,0,1e-05,1e-05,1e+05,1e+05,0,0.67182,0.25105,1,0,0.67182,1,295,0,0,0,0,423.42,423.43,428.96,246.47,242.9,246.86,23.232,21.289,4.5394,7.0179,30.966,28.329,5.9142,9.1164,223.61,204.61,42.688,65.956
354.26,335.44,3.65,3.65,0.21566,0.1803,33.35,33.35,4.65,4.65,1e+05,1e+05,0,0,1e-05,1e-05,1e+05,1e+05,0,0.52468,0.20508,1,0,0.52468,1,283,0,0,0,0,160.47,137.09,166.55,96.65,99.65,99.88,38.925,37.465,17.918,19.098,52.279,50.235,23.711,25.379,374.55,360.69,170.77,181.74
238.81,185.01,3.65,3.65,5.1021,0.15708,33.35,33.35,4.65,4.65,1e+05,1e+05,0,0,1e-05,1e-05,1e+05,1e+05,0,0.95228,0.22559,1,0,0.95228,1,346,0,0,0,0,317.56,297.36,337.85,388.7,388.73,388.9,27.178,15.434,17.425,26.714,29.96,17.005,19.505,30.139,215.47,122.13,140.62,217.25
233.91,448.15,3.65,3.65,8.0935,4.8633,33.35,33.35,4.65,4.65,1e+05,1e+05,0,0,1e-05,1e-05,1e+05,1e+05,0,0.54201,0.13412,1,0,0.54201,1,337,0,0,0,0,280.11,280.13,280.2,501,501,501,14.056,0.034459,59.084,83.852,16.365,0,68.563,97.557,118.01,0,491.4,699.44
216.35,312.94,3.65,3.65,0.18682,3.7966,33.35,33.35,4.65,4.65,1e+05,1e+05,0,0,1e-05,1e-05,1e+05,1e+05,0,0.63712,0.19045,1,0,0.63712,1,343,0,0,0,0,333.91,331.26,331.48,447.02,443.13,461.74,20.995,4.4017,33.136,56.519,23.882,4.8442,37.174,63.306,172,34.868,266.88,455.28
462.31,259.87,3.65,3.65,3.8062,4.9114,33.35,33.35,4.65,4.65,1e+05,1e+05,0,0,1e-05,1e-05,1e+05,1e+05,0,0.94696,0.19409,1,0,0.94696,1,494,0,0,0,0,501,501,501,196.81,197.15,197.34,126.21,109.13,0.13355,10.811,99.914,86.355,0,8.5148,716.06,619.07,0,61.278
153.82,207.05,3.65,3.65,0.90107,3.8083,33.35,33.35,4.65,4.65,1e+05,1e+05,0,0,1e-05,1e-05,1e+05,1e+05,0,0.46539,0.17149,1,0,0.46539,1,370,0,0,0,0,326.43,321.08,330.51,369.03,372.96,380.18,17.059,10.955,23.56,31.49,17.984,11.618,24.773,33.098,129.98,83.863,178.3,238.3
238.74,284.41,3.65,3.65,0.69218,1.9544,33.35,33.35,4.65,4.65,1e+05,1e+05,0,0,1e-05,1e-05,1e+05,1e+05,0,0.54081,0.076703,1,0,0.54081,1,486,0,0,0,0,332.21,317.18,347,182.21,185.18,188.49,52.201,52.754,19.69,18.836,41.562,42.189,15.614,14.947,300.01,304.13,112.2,107.59
280.96,190.68,3.65,3.65,1.2801,4.6621,33.35,33.35,4.65,4.65,1e+05,1e+05,0,0,1e-05,1e-05,1e+05,1e+05,0,0.508,0.17557,1,0,0.508,1,436,0,0,0,0,497.3,497.3,497.31,132.86,133.05,133.42,71.74,70.332,0.12439,1.3746,64.368,63.164,0,1.1946,462.61,453.58,0,8.4848
434.07,408.23,3.65,3.65,0.33858,2.2891,33.35,33.35,4.65,4.65,1e+05,1e+05,0,0,1e-05,1e-05,1e+05,1e+05,0,0.45661,0.10675,1,0,0.45661,1,288,0,0,0,0,463.88,457.12,461.78,103.81,103.95,104.1,67.857,68.028,2.0731,1.9599,92.439,92.389,2.7909,2.6471,662.37,663.09,19.987,19.042
301.14,259.06,3.65,3.65,2.8553,2.4591,33.35,33.35,4.65,4.65,1e+05,1e+05,0,0,1e-05,1e-05,1e+05,1e+05,0,0.92142,0.32562,1,0,0.92142,1,187,0,0,0,0,487.52,487.86,490.28,368.53,368.59,368.65,31.325,14.834,1.2133,15.629,66.185,31.432,2.5678,33.051,475.59,225.59,18.442,237.52
463.84,406.18,3.65,3.65,0.38822,8.2123,33.35,33.35,4.65,4.65,1e+05,1e+05,0,0,1e-05,1e-05,1e+05,1e+05,0,0.98475,0.23254,1,0,0.98475,1,219,0,0,0,0,494.7,494.7,497.28,145.97,146.07,146.22,55.368,53.854,0.77934,2.1096,99.367,96.855,1.3865,3.7544,712.96,694.38,9.9985,26.879
225.29,185.84,3.65,3.65,7.8151,0.75439,33.35,33.35,4.65,4.65,1e+05,1e+05,0,0,1e-05,1e-05,1e+05,1e+05,0,0.5215,0.29992,1,0,0.5215,1,426,0,0,0,0,409.05,276.84,394.57,353.12,353.39,353.44,55.949,27.51,1.4226,25.18,50.657,24.879,1.1457,22.98,364.75,179.1,8.3385,165.96
212.64,460.16,3.65,3.65,9.2518,4.8546,33.35,33.35,4.65,4.65,1e+05,1e+05,0,0,1e-05,1e-05,1e+05,1e+05,0,0.75523,0.18428,1,0,0.75523,1,319,0,0,0,0,323.26,323.31,323.39,501,501,501,15.204,0.038294,50.759,81.258,18.647,0,62.808,99.303,134.17,0,449.72,714.97
235.3,313.05,3.65,3.65,0.060017,3.0844,33.35,33.35,4.65,4.65,1e+05,1e+05,0,0,1e-05,1e-05,1e+05,1e+05,0,0.92806,0.30745,1,0,0.92806,1,189,0,0,0,0,322.93,323.02,323.07,250.33,251.67,258.84,16.98,13.376,12.166,16.842,35.446,27.846,24.302,33.644,254.8,200.81,174.36,241.65
294.09,371.95,3.65,3.65,0.10043,6.0175,33.35,33.35,4.65,4.65,1e+05,1e+05,0,0,1e-05,1e-05,1e+05,1e+05,0,0.29091,0.23643,1,0,0.29091,1,178,0,0,0,0,373.39,373.44,373.54,224.8,225.66,225.76,24.238,22.286,7.7148,10.171,53.743,49.29,16.516,21.614,385.93,353.99,118.44,155.05
210.83,390.23,3.65,3.65,0.63027,5.5997,33.35,33.35,4.65,4.65,1e+05,1e+05,0,0,1e-05,1e-05,1e+05,1e+05,0,0.5034,0.14002,1,0,0.5034,1,454,0,0,0,0,293.68,293.71,294.02,500.18,500.19,500.19,19.827,1.0334,66.291,99.047,17.019,0.81974,56.745,84.983,122.64,5.9061,407.11,609.58
261.16,119.52,3.65,3.65,6.7513,0.18501,33.35,33.35,4.65,4.65,1e+05,1e+05,0,0,1e-05,1e-05,1e+05,1e+05,0,0.93546,0.1457,1,0,0.93546,1,446,0,0,0,0,382.01,386.59,386.68,346.67,336.39,345.14,47.819,28.155,10.216,19.617,41.415,24.321,8.8706,17.091,297.51,174.99,64.233,123.96
173.2,153.72,3.65,3.65,0.27778,9.286,33.35,33.35,4.65,4.65,1e+05,1e+05,0,0,1e-05,1e-05,1e+05,1e+05,0,0.97113,0.2684,1,0,0.97113,1,487,0,0,0,0,481.19,458.81,483.01,52.88,53.93,53.97,50.793,51.231,0.74592,0.13164,40.657,41.034,0.55804,0,293.45,296.17,4.0041,0
247.23,184.79,3.65,3.65,9.6223,0.12011,33.35,33.35,4.65,4.65,1e+05,1e+05,0,0,1e-05,1e-05,1e+05,1e+05,0,0.39511,0.27052,1,0,0.39511,1,351,0,0,0,0,390.13,277.99,457.57,391.78,391.92,392.01,44.654,20.452,5.3102,23.771,47.346,21.678,5.6149,26.423,340.71,155.9,40.481,190.6
452.42,472.54,3.65,3.65,2.0961,1.1954,33.35,33.35,4.65,4.65,1e+05,1e+05,0,0,1e-05,1e-05,1e+05,1e+05,0,0.82607,0.4152,1,0,0.82607,1,154,0,0,0,0,310.23,313.61,313.69,412.61,401.2,428.11,14.845,5.7403,24.685,33.9,37.854,14.624,63.19,87.424,271.18,105.05,452.86,625.74
169.03,211.94,3.65,3.65,0.74233,4.673,33.35,33.35,4.65,4.65,1e+05,1e+05,0,0,1e-05,1e-05,1e+05,1e+05,0,0.24375,0.17332,1,0,0.24375,1,487,0,0,0,0,305.59,305.79,305.89,401.51,360.34,427.77,20.874,6.4689,36.352,54.299,16.619,5.0303,28.73,42.781,120.25,36.163,206.89,308.52
462.5,235.99,3.65,3.65,6.5719,0.14028,33.35,33.35,4.65,4.65,1e+05,1e+05,0,0,1e-05,1e-05,1e+05,1e+05,0,0.88786,0.089747,1,0,0.88786,1,437,0,0,0,0,328.22,328.42,328.46,390.26,384.32,393.46,48.619,28.762,34.982,45.822,43.115,25.461,31.051,40.958,309.28,182.61,223.19,295.08
439.69,259.39,3.65,3.65,8.2118,1.3161,33.35,33.35,4.65,4.65,1e+05,1e+05,0,0,1e-05,1e-05,1e+05,1e+05,0,0.88966,0.26401,1,0,0.88966,1,391,0,0,0,0,501,501,501,298.73,298.91,299.14,95.566,69.414,0.14076,16.794,95.37,69.259,0,16.744,685.14,497.02,0,120.36
273.72,287.99,3.65,3.65,2.3354,2.7383,33.35,33.35,4.65,4.65,1e+05,1e+05,0,0,1e-05,1e-05,1e+05,1e+05,0,0.56467,0.38335,1,0,0.56467,1,294,0,0,0,0,327.19,333.79,333.8,428.01,362.01,421.39,23.267,4.6897,25.358,44.775,30.791,6.2263,33.563,59.554,221.49,44.733,241.06,428.16
161.79,164.04,3.65,3.65,1.9372,1.4219,33.35,33.35,4.65,4.65,1e+05,1e+05,0,0,1e-05,1e-05,1e+05,1e+05,0,0.61596,0.23483,1,0,0.61596,1,428,0,0,0,0,310.52,312.08,313.2,353.23,330.48,357.8,22.384,11.029,20.206,31.801,20.242,9.9601,18.329,28.851,146.06,71.979,132.2,208.51
114.87,124.26,3.65,3.65,8.1544,7.3093,33.35,33.35,4.65,4.65,1e+05,1e+05,0,0,1e-05,1e-05,1e+05,1e+05,0,0.84812,0.35688,1,0,0.84812,1,458,0,0,0,0,395.26,402.19,402.23,444.27,407.66,452.23,22.165,4.2161,11.328,30.734,18.872,3.5902,9.6652,26.122,136.72,25.96,69.936,189.07
205.94,193.79,3.65,3.65,4.7715,9.6208,33.35,33.35,4.65,4.65,1e+05,1e+05,0,0,1e-05,1e-05,1e+05,1e+05,0,0.44394,0.26913,1,0,0.44394,1,487,0,0,0,0,477.19,453.12,459.24,359.22,372.2,372.13,59.467,27.071,0.98082,31.678,47.505,21.619,0.72525,25.234,342.31,155.92,5.2665,182.03
184.93,298.83,3.65,3.65,0.33658,3.5401,33.35,33.35,4.65,4.65,1e+05,1e+05,0,0,1e-05,1e-05,1e+05,1e+05,0,0.85412,0.10239,1,0,0.85412,1,377,0,0,0,0,359.48,340.98,357.33,166.97,167.2,167.32,37.335,34.794,7.5126,11.421,38.714,36.166,7.7443,11.794,278.93,260.71,55.751,84.606
275.4,223.97,3.65,3.65,1.0569,3.208,33.35,33.35,4.65,4.65,1e+05,1e+05,0,0,1e-05,1e-05,1e+05,1e+05,0,0.26682,0.15593,1,0,0.26682,1,351,0,0,0,0,486.35,485.86,490.23,164.3,164.43,164.66,56.129,53.52,0.75195,2.9343,62.69,59.64,0.8396,3.2159,450.9,428.81,6.1751,23.312
279.06,364.36,3.65,3.65,3.9221,3.0458,33.35,33.35,4.65,4.65,1e+05,1e+05,0,0,1e-05,1e-05,1e+05,1e+05,0,0.73531,0.22657,1,0,0.73531,1,450,0,0,0,0,227.39,227.87,227.95,501,477.33,500.99,9.2408,0.25922,82.479,93.465,7.9645,0,71.474,81.032,57.311,0,512.91,581.39
492.83,491.59,3.65,3.65,7.4614,6.1547,33.35,33.35,4.65,4.65,1e+05,1e+05,0,0,1e-05,1e-05,1e+05,1e+05,0,0.21697,0.3331,1,0,0.21697,1,395,0,0,0,0,386.39,339.95,351.58,429.61,448.18,447.75,82.164,20.194,24.946,86.718,80.659,19.221,24.165,84.91,577.93,137.6,173.16,608.74
171.83,358.56,3.65,3.65,0.1167,4.8954,33.35,33.35,4.65,4.65,1e+05,1e+05,0,0,1e-05,1e-05,1e+05,1e+05,0,0.77562,0.13143,1,0,0.77562,1,370,0,0,0,0,361.29,357.45,362.95,367.31,367.54,367.58,22.04,12.355,33.005,51.782,23.155,13.069,34.487,54.012,167.13,94.32,248.08,387.67
387.46,424.12,3.65,3.65,0.016937,0.42113,33.35,33.35,4.65,4.65,1e+05,1e+05,0,0,1e-05,1e-05,1e+05,1e+05,0,0.75651,0.27297,1,0,0.75651,1,282,0,0,0,0,94.12,96.01,95.99,50.35,38.11,59.9,24.054,22.775,41.025,42.398,30.165,28.191,45.564,47.069,216.42,202.37,326.97,337.58
420.09,201.3,3.65,3.65,6.3498,0.26879,33.35,33.35,4.65,4.65,1e+05,1e+05,0,0,1e-05,1e-05,1e+05,1e+05,0,0.9081,0.17859,1,0,0.9081,1,377,0,0,0,0,500.51,500.51,500.51,319.13,319.16,319.36,87.731,53.381,0.8057,18.387,90.483,55.203,0.75282,18.991,649.77,395.45,5.4797,136.74
296.52,354.58,3.65,3.65,0.79678,5.6654,33.35,33.35,4.65,4.65,1e+05,1e+05,0,0,1e-05,1e-05,1e+05,1e+05,0,0.8037,0.1692,1,0,0.8037,1,251,0,0,0,0,455.35,453.57,456.35,385.36,385.42,386.33,38.021,18.398,6.4102,29.457,59.866,28.778,10.047,45.905,428.76,206.71,72.052,329.87
217.14,191.77,3.65,3.65,2.3477,3.3187,33.35,33.35,4.65,4.65,1e+05,1e+05,0,0,1e-05,1e-05,1e+05,1e+05,0,0.8615,0.2546,1,0,0.8615,1,389,0,0,0,0,469.8,441.38,466.31,273.61,273.96,274.05,46.815,36.147,3.5843,13.037,46.997,36.351,3.5607,13.015,338.53,261.47,25.641,93.898
245.19,342.71,3.65,3.65,0.034018,0.39772,33.35,33.35,4.65,4.65,1e+05,1e+05,0,0,1e-05,1e-05,1e+05,1e+05,0,0.89287,0.16948,1,0,0.89287,1,462,0,0,0,0,51.47,51.94,52.04,366.76,279.99,453.74,2.2871,2.5426,88.609,88.151,0.8604,1.1215,69.201,68.515,6.2418,7.9985,495.29,493.63
371.99,405.17,3.65,3.65,4.7018,0.24789,33.35,33.35,4.65,4.65,1e+05,1e+05,0,0,1e-05,1e-05,1e+05,1e+05,0,0.83479,0.14399,1,0,0.83479,1,367,0,0,0,0,74.12,74.61,74.83,480.56,472.68,484.14,3.0178,1.2371,80.866,82.891,3.1739,1.2655,86.222,88.331,22.825,9.2327,617.89,633.61
466.82,485.45,3.65,3.65,0.31002,0.046567,33.35,33.35,4.65,4.65,1e+05,1e+05,0,0,1e-05,1e-05,1e+05,1e+05,0,0.91495,0.22802,1,0,0.91495,1,335,0,0,0,0,25.94,30.65,30.71,171.49,100.31,140.31,5.401,5.3318,84.119,84.307,3.9398,3.7348,94.72,94.997,28.607,26.768,679.25,680.9
341.73,344.42,3.65,3.65,0.027634,0.398,33.35,33.35,4.65,4.65,1e+05,1e+05,0,0,1e-05,1e-05,1e+05,1e+05,0,0.63969,0.16772,1,0,0.63969,1,494,0,0,0,0,108.41,163.39,156.58,30.28,23.77,26.79,74.399,79.777,23.268,17.932,54.034,58.721,12.547,9.2479,389.1,420.89,90.313,66.508
413.44,369.61,3.65,3.65,0.59589,0.98966,33.35,33.35,4.65,4.65,1e+05,1e+05,0,0,1e-05,1e-05,1e+05,1e+05,0,0.96973,0.17044,1,0,0.96973,1,490,0,0,0,0,396.23,268.76,339.78,85.7,87.02,87.02,111.91,113.16,2.3816,0.86233,87.899,89.422,1.2626,0,631.17,641.22,8.9693,0
377.08,328.48,3.65,3.65,1.8157,0.20603,33.35,33.35,4.65,4.65,1e+05,1e+05,0,0,1e-05,1e-05,1e+05,1e+05,0,0.074206,0.077404,1,0,0.074206,1,467,0,0,0,0,153.61,156.89,161.11,247.01,242.93,247.19,31.426,27.774,61.077,64.268,23.915,21.346,49.693,52.823,171.9,153.23,357.78,378.92
449.31,217.73,3.65,3.65,3.63,0.36714,33.35,33.35,4.65,4.65,1e+05,1e+05,0,0,1e-05,1e-05,1e+05,1e+05,0,0.59464,0.16266,1,0,0.59464,1,390,0,0,0,0,501,501,501,230.65,230.69,231.06,97.1,81.118,0.15079,8.7521,96.854,80.943,0,8.6834,694.69,580.45,0,62.453
435.65,389.01,3.65,3.65,0.33614,0.057176,33.35,33.35,4.65,4.65,1e+05,1e+05,0,0,1e-05,1e-05,1e+05,1e+05,0,0.59033,0.14823,1,0,0.59033,1,463,0,0,0,0,120.96,46,83.36,52.18,53.37,53.19,99.573,102.2,12.419,10.064,75.606,77.595,6.8999,4.8231,542.85,556.94,49.427,34.664
313.25,344.78,3.65,3.65,7.0337,3.4616,33.35,33.35,4.65,4.65,1e+05,1e+05,0,0,1e-05,1e-05,1e+05,1e+05,0,0.424,0.1293,1,0,0.424,1,371,0,0,0,0,398.57,399.77,399.89,488.4,486.31,490.2,42.995,1.1049,26.882,72.684,45.363,1.149,28.408,76.507,326.01,8.1783,203.6,550.05
486.76,393.12,3.65,3.65,6.8523,4.8056,33.35,33.35,4.65,4.65,1e+05,1e+05,0,0,1e-05,1e-05,1e+05,1e+05,0,0.9296,0.11999,1,0,0.9296,1,236,0,0,0,0,455.73,455.82,455.91,460.52,457.3,460.56,56.35,10.868,5.5837,43.424,93.77,18.098,9.3336,72.432,672.61,129.67,66.914,519.66
348.56,267.91,3.65,3.65,0.62894,1.9899,33.35,33.35,4.65,4.65,1e+05,1e+05,0,0,1e-05,1e-05,1e+05,1e+05,0,0.96333,0.20551,1,0,0.96333,1,417,0,0,0,0,493.38,481.97,494.9,72.27,72.64,72.82,83.344,82.502,0.24551,1.0927,78.195,77.226,0.015971,0.98456,561.05,554.59,0.12715,7.0253
171.62,184.81,3.65,3.65,2.0965,9.6884,33.35,33.35,4.65,4.65,1e+05,1e+05,0,0,1e-05,1e-05,1e+05,1e+05,0,0.96884,0.54223,1,0,0.96884,1,271,0,0,0,0,376.36,381.36,381.46,385.64,364.42,393.7,18.069,6.9382,10.962,22.908,26.154,10.035,15.722,33.13,188.65,72.292,113.17,239.08
319.09,358.92,3.65,3.65,3.8331,0.76374,33.35,33.35,4.65,4.65,1e+05,1e+05,0,0,1e-05,1e-05,1e+05,1e+05,0,0.34608,0.1394,1,0,0.34608,1,346,0,0,0,0,222.59,222.77,223,496.16,501,501,11.398,0.13661,58.603,70.909,12.787,0,66.356,80.276,91.736,0,475.66,576.28
290.96,155.81,3.65,3.65,4.6474,0.10142,33.35,33.35,4.65,4.65,1e+05,1e+05,0,0,1e-05,1e-05,1e+05,1e+05,0,0.7448,0.1712,1,0,0.7448,1,391,0,0,0,0,437.93,440.13,440.17,323.57,319.9,323.79,58.114,33.876,4.8836,18.321,56.946,33.166,4.7003,18.212,408.99,238,33.886,131.5
223.52,233.46,3.65,3.65,1.088,2.5398,33.35,33.35,4.65,4.65,1e+05,1e+05,0,0,1e-05,1e-05,1e+05,1e+05,0,0.49126,0.44493,1,0,0.49126,1,381,0,0,0,0,229.48,238.05,238.03,265.49,170.89,220.11,23.042,10.654,29.316,42.195,22.948,10.465,29.144,42.131,165.01,75.334,209.88,303.03
187.77,148.48,3.65,3.65,5.5596,0.30101,33.35,33.35,4.65,4.65,1e+05,1e+05,0,0,1e-05,1e-05,1e+05,1e+05,0,0.63093,0.18105,1,0,0.63093,1,494,0,0,0,0,278.48,231.48,304.16,384,380.68,380.81,24.717,15.31,25.28,32.801,19.078,11.756,19.812,25.752,137.69,84.726,143.22,185.86
498.83,488.12,3.65,3.65,2.6623,1.9174,33.35,33.35,4.65,4.65,1e+05,1e+05,0,0,1e-05,1e-05,1e+05,1e+05,0,0.3495,0.49624,1,0,0.3495,1,401,0,0,0,0,277.27,138.7,155.65,249.48,274.1,273.78,87.436,72.972,21.963,36.306,82.588,67.813,19.763,33.098,592.18,486.31,141.62,237.12
343.65,225.17,3.65,3.65,2.6425,0.11252,33.35,33.35,4.65,4.65,1e+05,1e+05,0,0,1e-05,1e-05,1e+05,1e+05,0,0.94223,0.2552,1,0,0.94223,1,268,0,0,0,0,469.47,468.19,478.99,239.48,239.54,239.7,52.159,41.958,0.59918,7.5403,74.787,59.971,0.65739,10.943,537.5,431.78,4.7516,78.639
246.25,408.96,3.65,3.65,0.29055,7.2508,33.35,33.35,4.65,4.65,1e+05,1e+05,0,0,1e-05,1e-05,1e+05,1e+05,0,0.8067,0.22482,1,0,0.8067,1,191,0,0,0,0,426.07,424,424.23,474.74,474.74,474.76,20.229,3.2352,12.033,38.796,41.904,6.7502,24.76,79.726,301.1,48.434,177.61,571.86
379.57,393.26,3.65,3.65,0.23141,0.37622,33.35,33.35,4.65,4.65,1e+05,1e+05,0,0,1e-05,1e-05,1e+05,1e+05,0,0.77771,0.15006,1,0,0.77771,1,463,0,0,0,0,94.11,102.3,102.29,135.19,78.34,111.98,21.982,30.383,80.852,72.258,16.143,23.624,64.687,58.058,115.75,169.43,464.75,416.76
184.61,159.12,3.65,3.65,1.74,8.1618,33.35,33.35,4.65,4.65,1e+05,1e+05,0,0,1e-05,1e-05,1e+05,1e+05,0,0.59727,0.29994,1,0,0.59727,1,361,0,0,0,0,492.1,474.22,498.09,225.38,230.43,230.55,39.014,31.979,1.2639,7.2746,42.23,34.754,1.3825,7.8344,304.22,250.3,9.8674,56.64
137.74,191.07,3.65,3.65,3.8121,5.8245,33.35,33.35,4.65,4.65,1e+05,1e+05,0,0,1e-05,1e-05,1e+05,1e+05,0,0.76613,0.30501,1,0,0.76613,1,479,0,0,0,0,286.58,286.87,286.98,500.32,451.06,496.98,13.299,0.14255,37.448,55.116,10.812,0,30.461,44.798,78.123,0,219.17,322.84
330.4,272.19,3.65,3.65,4.2592,0.9049,33.35,33.35,4.65,4.65,1e+05,1e+05,0,0,1e-05,1e-05,1e+05,1e+05,0,0.44813,0.27159,1,0,0.44813,1,474,0,0,0,0,436.78,263.78,364.19,206.35,207.16,207.18,89.511,79.21,0.55115,9.844,72.607,64.412,0,7.8517,524.98,462.26,0,56.412
154.25,290.47,3.65,3.65,0.99053,2.941,33.35,33.35,4.65,4.65,1e+05,1e+05,0,0,1e-05,1e-05,1e+05,1e+05,0,0.64128,0.13731,1,0,0.64128,1,391,0,0,0,0,281.49,273.25,273.58,478.32,478.38,482.88,12.716,2.151,43.696,62.819,12.676,2.1259,43.616,62.732,91.767,15.459,313.59,451.07
378.3,424.87,3.65,3.65,2.157,0.81385,33.35,33.35,4.65,4.65,1e+05,1e+05,0,0,1e-05,1e-05,1e+05,1e+05,0,0.8008,0.28028,1,0,0.8008,1,472,0,0,0,0,86.37,88.43,88.43,458.94,284.46,352.36,0.5423,0.65117,111.9,111.68,0,0,92.2,91.849,0,0,661.15,659.07
168.88,278.84,3.65,3.65,3.7493,8.0537,33.35,33.35,4.65,4.65,1e+05,1e+05,0,0,1e-05,1e-05,1e+05,1e+05,0,0.50402,0.17469,1,0,0.50402,1,427,0,0,0,0,347.01,346.96,347.26,501,501,501,20.537,0.052549,37.602,69.958,18.806,0,34.33,63.837,135.71,0,246.83,459.7
349.28,458.57,3.65,3.65,0.036817,0.57105,33.35,33.35,4.65,4.65,1e+05,1e+05,0,0,1e-05,1e-05,1e+05,1e+05,0,0.84654,0.24438,1,0,0.84654,1,358,0,0,0,0,61.15,61.53,61.65,355.55,242.35,459.85,1.5755,1.5554,89.088,89.354,0,0,90.614,90.765,0,0,649.76,650.62
257.5,286.95,3.65,3.65,0.24286,3.0544,33.35,33.35,4.65,4.65,1e+05,1e+05,0,0,1e-05,1e-05,1e+05,1e+05,0,0.41299,0.21192,1,0,0.41299,1,267,0,0,0,0,401.9,402.89,400.09,232.04,216.63,234.15,36.771,31.119,4.3255,10.646,54.214,45.637,6.1908,15.305,389.61,327.58,44.407,109.61
250.84,384.14,3.65,3.65,1.6053,2.3808,33.35,33.35,4.65,4.65,1e+05,1e+05,0,0,1e-05,1e-05,1e+05,1e+05,0,0.83103,0.12722,1,0,0.83103,1,372,0,0,0,0,280.87,275.93,283.34,476.58,476.63,476.65,22.816,2.5645,48.044,78.259,24.019,2.6849,50.204,82.033,173.14,19.368,359.99,587.92
477.82,455.13,3.65,3.65,2.296,8.5262,33.35,33.35,4.65,4.65,1e+05,1e+05,0,0,1e-05,1e-05,1e+05,1e+05,0,0.89315,0.36066,1,0,0.89315,1,195,0,0,0,0,473.78,478.13,479.12,369.75,370.02,370.04,48.067,23.343,3.2216,26.816,97.074,47.028,6.5183,54.262,696.6,337.02,46.942,389.23
262.25,251.89,3.65,3.65,6.7794,0.42165,33.35,33.35,4.65,4.65,1e+05,1e+05,0,0,1e-05,1e-05,1e+05,1e+05,0,0.80501,0.49551,1,0,0.80501,1,438,0,0,0,0,131.77,61.57,71.86,334.52,369.89,369.88,21.787,19.89,44.741,46.677,18.286,16.209,39.282,40.712,131.92,116.48,282.65,293.22
306.02,275.66,3.65,3.65,5.2329,0.34633,33.35,33.35,4.65,4.65,1e+05,1e+05,0,0,1e-05,1e-05,1e+05,1e+05,0,0.82595,0.38529,1,0,0.82595,1,210,0,0,0,0,335.19,282.67,345.17,428.81,433.28,433.36,22.231,8.0998,13.676,26.599,41.537,14.971,25.647,49.858,298.47,107.72,184.08,358.28
334.24,244.26,3.65,3.65,2.6887,0.034148,33.35,33.35,4.65,4.65,1e+05,1e+05,0,0,1e-05,1e-05,1e+05,1e+05,0,0.60489,0.19739,1,0,0.60489,1,413,0,0,0,0,345.82,211.9,444.57,229.64,230.01,230.11,69.959,60.069,7.2266,14.725,60.665,52.115,5.8692,13.085,435.58,373.94,42.226,94.054
352.86,316.11,3.65,3.65,2.1914,4.5051,33.35,33.35,4.65,4.65,1e+05,1e+05,0,0,1e-05,1e-05,1e+05,1e+05,0,0.6577,0.25687,1,0,0.6577,1,202,0,0,0,0,480.22,480.23,480.24,382.95,382.99,383.03,38.708,15.951,2.0532,22.476,75.443,31.245,4.0088,43.901,541.41,224.15,28.784,315
154.88,214.19,3.65,3.65,1.3138,8.1422,33.35,33.35,4.65,4.65,1e+05,1e+05,0,0,1e-05,1e-05,1e+05,1e+05,0,0.84731,0.17762,1,0,0.84731,1,471,0,0,0,0,394.05,387.41,391.78,469.81,460.36,475.2,30.795,3.8333,18.996,55.609,25.495,3.114,15.676,45.853,184.17,22.51,112.9,330.13
416.96,411.68,3.65,3.65,1.3215,0.15487,33.35,33.35,4.65,4.65,1e+05,1e+05,0,0,1e-05,1e-05,1e+05,1e+05,0,0.37436,0.13208,1,0,0.37436,1,453,0,0,0,0,69.14,51.57,64.28,321.42,343.14,341.45,22.002,12.662,83.721,93.035,17.397,9.598,70.747,78.904,124.69,68.842,507.9,566.07
367.13,264.89,3.65,3.65,1.32,0.47135,33.35,33.35,4.65,4.65,1e+05,1e+05,0,0,1e-05,1e-05,1e+05,1e+05,0,0.49265,0.17507,1,0,0.49265,1,377,0,0,0,0,489.18,481.92,489.57,158.73,158.95,159.33,75.229,73.266,3.0034,4.3627,77.614,75.527,2.9631,4.3526,557.33,542.49,21.347,31.373
211.49,218.32,3.65,3.65,1.1253,0.22805,33.35,33.35,4.65,4.65,1e+05,1e+05,0,0,1e-05,1e-05,1e+05,1e+05,0,0.62762,0.25267,1,0,0.62762,1,335,0,0,0,0,98.11,102.61,102.8,361.42,324.31,370.9,5.7726,3.8514,38.005,39.927,6.4676,4.2715,44.186,46.295,46.508,30.826,317.79,333.64
232.83,209.38,3.65,3.65,8.1553,3.5221,33.35,33.35,4.65,4.65,1e+05,1e+05,0,0,1e-05,1e-05,1e+05,1e+05,0,0.32741,0.30357,1,0,0.32741,1,373,0,0,0,0,457.21,406.84,450.47,373.34,377.5,377.49,48.878,21.37,2.8924,27.717,51.112,22.23,2.9251,28.996,367.31,160.09,21.083,208.44
344.07,416.03,3.65,3.65,1.5625,1.2046,33.35,33.35,4.65,4.65,1e+05,1e+05,0,0,1e-05,1e-05,1e+05,1e+05,0,0.89525,0.32782,1,0,0.89525,1,459,0,0,0,0,95.37,96.47,96.49,476.34,369.6,427.81,0.47536,0.48971,106.97,106.88,0,0,90.307,90.145,0,0,647.78,647.15
351.18,349.99,3.65,3.65,4.516,0.92526,33.35,33.35,4.65,4.65,1e+05,1e+05,0,0,1e-05,1e-05,1e+05,1e+05,0,0.66617,0.3416,1,0,0.66617,1,111,0,0,0,0,23.6,317.23,317.31,467.99,467.53,468.01,9.2796,1.7334,12.842,20.342,33.287,6.254,46.073,72.998,238.56,44.757,330.82,524.75
312.19,308.21,3.65,3.65,8.294,4.3483,33.35,33.35,4.65,4.65,1e+05,1e+05,0,0,1e-05,1e-05,1e+05,1e+05,0,0.88429,0.47687,1,0,0.88429,1,420,0,0,0,0,367.38,307.14,330.69,377.57,411.95,411.9,57.049,19.323,19.317,56.42,52.707,17.647,17.615,52.26,377.83,126.71,126.56,375.54
125.92,110.12,3.65,3.65,8.2266,0.51584,33.35,33.35,4.65,4.65,1e+05,1e+05,0,0,1e-05,1e-05,1e+05,1e+05,0,0.64222,0.38257,1,0,0.64222,1,407,0,0,0,0,257.25,151.93,269.57,392.57,396.9,396.95,16.938,8.17,12.843,20.542,15.819,7.6053,12.174,19.789,114.38,55.064,88.577,143.73
195.88,159.48,3.65,3.65,8.6418,0.28985,33.35,33.35,4.65,4.65,1e+05,1e+05,0,0,1e-05,1e-05,1e+05,1e+05,0,0.91435,0.23365,1,0,0.91435,1,493,0,0,0,0,314.01,195.49,362.15,388.67,388.9,388.89,43.956,21.022,12.054,31.028,33.785,16.104,9.2469,24.319,243.32,116.1,66.907,175.64
239.21,186.35,3.65,3.65,5.658,0.032497,33.35,33.35,4.65,4.65,1e+05,1e+05,0,0,1e-05,1e-05,1e+05,1e+05,0,0.26493,0.19203,1,0,0.26493,1,377,0,0,0,0,130.36,100.39,170.86,336.05,336.23,336.42,12.697,10.033,32.462,34.655,10.348,8.1593,33.401,35.555,74.636,58.735,240.84,256.29
398.75,464.39,3.65,3.65,4.7,9.0921,33.35,33.35,4.65,4.65,1e+05,1e+05,0,0,1e-05,1e-05,1e+05,1e+05,0,0.7836,0.16208,1,0,0.7836,1,193,0,0,0,0,480.07,480.07,480.07,459.26,463.43,459.34,40.666,3.2655,3.246,45.891,83.136,6.6975,6.7116,93.873,596.07,48.127,48.181,672.94
164.99,164.64,3.65,3.65,6.0891,3.7678,33.35,33.35,4.65,4.65,1e+05,1e+05,0,0,1e-05,1e-05,1e+05,1e+05,0,0.6541,0.48773,1,0,0.6541,1,486,0,0,0,0,333.81,253.09,293.07,343.22,368.62,368.61,32.201,18.056,16.865,30.848,25.428,14.141,13.221,24.431,183.54,101.95,95.158,176.55
365.27,499.34,3.65,3.65,0.14611,0.30747,33.35,33.35,4.65,4.65,1e+05,1e+05,0,0,1e-05,1e-05,1e+05,1e+05,0,0.74006,0.21273,1,0,0.74006,1,213,0,0,0,0,74.38,74.38,74.48,457.3,461.8,463.9,1.3716,1.4866,56.424,56.25,2.3486,2.5453,103.09,102.38,16.957,18.422,739.34,733.8
286.47,256.48,3.65,3.65,3.7285,0.15143,33.35,33.35,4.65,4.65,1e+05,1e+05,0,0,1e-05,1e-05,1e+05,1e+05,0,0.35687,0.25157,1,0,0.35687,1,307,0,0,0,0,159.68,105.22,179.8,333.66,333.86,333.99,21.048,12.369,27.562,35.383,25.321,14.968,34.855,45.124,181.97,107.59,250.34,324.24
453.5,352.84,3.65,3.65,5.3334,0.014832,33.35,33.35,4.65,4.65,1e+05,1e+05,0,0,1e-05,1e-05,1e+05,1e+05,0,0.75413,0.24071,1,0,0.75413,1,217,0,0,0,0,221.9,188.21,267.75,402.13,402.16,402.27,17.035,10.084,30.192,35.81,27.359,16.262,54.299,64.788,196.52,116.82,390.43,465.14
409.25,362.48,3.65,3.65,1.3077,0.0038478,33.35,33.35,4.65,4.65,1e+05,1e+05,0,0,1e-05,1e-05,1e+05,1e+05,0,0.38198,0.2956,1,0,0.38198,1,426,0,0,0,0,64.73,18.93,32.57,123.38,125.12,125.02,81.786,78.783,15.209,17.95,22.512,22.195,4.697,7.7231,163.7,161.25,33.725,55.406
397.65,300.51,3.65,3.65,2.4691,0.0032503,33.35,33.35,4.65,4.65,1e+05,1e+05,0,0,1e-05,1e-05,1e+05,1e+05,0,0.68088,0.28671,1,0,0.68088,1,377,0,0,0,0,263.62,76.91,352.89,188.28,188.75,188.84,80.209,73.32,3.8787,9.3137,44.427,40.708,0,6.2926,320.26,293.26,0,45.41
376.9,226.25,3.65,3.65,0.83352,0.0078149,33.35,33.35,4.65,4.65,1e+05,1e+05,0,0,1e-05,1e-05,1e+05,1e+05,0,0.72713,0.14582,1,0,0.72713,1,408,0,0,0,0,367.77,367.73,376.16,93.25,93.47,93.99,75.721,75.39,7.7116,7.8839,60.116,59.891,6.1883,6.3724,433.09,430.51,44.572,45.757
425.61,249.19,3.65,3.65,8.8741,0.0070819,33.35,33.35,4.65,4.65,1e+05,1e+05,0,0,1e-05,1e-05,1e+05,1e+05,0,0.77296,0.22219,1,0,0.77296,1,344,0,0,0,0,479.23,480.03,487.93,369.94,371.92,372.11,77.063,35.244,2.9455,29.087,73.776,33.574,2.4571,32.761,529.81,240.85,17.725,235.52
286.94,206.14,3.65,3.65,3.0042,0.0025137,33.35,33.35,4.65,4.65,1e+05,1e+05,0,0,1e-05,1e-05,1e+05,1e+05,0,0.49923,0.24526,1,0,0.49923,1,412,0,0,0,0,260.28,72.44,401.19,190.23,190.71,190.77,58.913,56.683,8.2811,9.8154,24.806,23.779,4.2784,5.8621,179.94,172.38,30.798,42.325
372.67,226.7,3.65,3.65,4.4836,0.0016611,33.35,33.35,4.65,4.65,1e+05,1e+05,0,0,1e-05,1e-05,1e+05,1e+05,0,0.4324,0.12649,1,0,0.4324,1,491,0,0,0,0,289.48,265.79,309.8,289.3,289.64,289.87,57.628,55.508,30.785,32.119,25.022,24.063,22.017,23.217,180.42,173.35,158.21,167.49
278.67,457.02,3.65,3.65,0.0011664,1.1732,33.35,33.35,4.65,4.65,1e+05,1e+05,0,0,1e-05,1e-05,1e+05,1e+05,0,0.9871,0.20369,1,0,0.9871,1,257,0,0,0,0,166.31,166.34,166.63,324.42,329.25,332.84,14.216,12.616,43.737,46.131,19.021,16.403,39.055,40.675,136.37,117.88,280.95,292.37
449.46,486.14,3.65,3.65,0.013312,0.1945,33.35,33.35,4.65,4.65,1e+05,1e+05,0,0,1e-05,1e-05,1e+05,1e+05,0,0.42961,0.24343,1,0,0.42961,1,391,0,0,0,0,41.53,44.39,44.24,50.06,24.04,31.79,18.614,16.608,84.73,86.758,9.137,6.9204,55.709,56.889,65.73,49.767,400.98,409.13
157.14,189.88,3.65,3.65,0.016257,3.9739,33.35,33.35,4.65,4.65,1e+05,1e+05,0,0,1e-05,1e-05,1e+05,1e+05,0,0.9682,0.30895,1,0,0.9682,1,470,0,0,0,0,262.66,263.31,263.26,78.43,32.22,78.07,26.188,21.089,22.72,28.823,20.64,16.133,12.56,16.046,149.15,116.42,91.08,116.5
244.93,448.5,3.65,3.65,0.0051582,1.651,33.35,33.35,4.65,4.65,1e+05,1e+05,0,0,1e-05,1e-05,1e+05,1e+05,0,0.6256,0.17092,1,0,0.6256,1,259,0,0,0,0,189.8,189.86,190.01,278.88,278.91,279.03,18.413,17.749,33.257,34.372,27.05,26.091,41.362,42.869,194.39,187.61,297.03,307.63
303.51,396.37,3.65,3.65,0.00056624,8.8406,33.35,33.35,4.65,4.65,1e+05,1e+05,0,0,1e-05,1e-05,1e+05,1e+05,0,0.91709,0.33566,1,0,0.91709,1,253,0,0,0,0,389.81,389.95,390.08,226.69,85.7,353.82,33.94,19.041,13.934,32.852,50.993,25.26,7.2656,16.561,366.48,181.44,52.645,120.15
233.48,305.9,3.65,3.65,0.00058558,5.5714,33.35,33.35,4.65,4.65,1e+05,1e+05,0,0,1e-05,1e-05,1e+05,1e+05,0,0.71876,0.24373,1,0,0.71876,1,453,0,0,0,0,293.7,294.16,294.13,162.58,45.74,251.58,25.621,10.748,48.653,68.189,18.364,3.8835,12.853,17.712,132.42,27.812,93.991,129.78
328.11,462.66,3.65,3.65,0.014071,3.4896,33.35,33.35,4.65,4.65,1e+05,1e+05,0,0,1e-05,1e-05,1e+05,1e+05,0,0.89973,0.18172,1,0,0.89973,1,358,0,0,0,0,286.77,286.99,287.15,397.47,340.21,459.98,26.955,8.7406,55.569,80.232,28.568,8.3153,53.98,77.754,205.59,59.806,387.68,558.03
