410.41,407.93,3.65,3.65,0.1763,3.9022,33.35,33.35,4.65,4.65,1e+05,1e+05,0,0,1e-05,1e-05,1e+05,1e+05,0,0.55802,0.099757,1,0,0.55802,1,360,0,0,0,0,187.58,179.97,225.5,25.84,25.94,26.21,75.099,78.181,8.2001,4.9844,81.387,84.94,8.4491,5.0705,584.15,608.7,60.438,36.473
267.87,263.13,3.65,3.65,0.14158,0.11936,33.35,33.35,4.65,4.65,1e+05,1e+05,0,0,1e-05,1e-05,1e+05,1e+05,0,0.28908,0.14794,1,0,0.28908,1,386,0,0,0,0,29.76,31.36,35.95,28.69,30.61,31.02,34.085,32.634,26.438,27.936,30.72,29.295,23.508,24.876,220.93,210.69,169.25,178.67
340.71,156.09,3.65,3.65,9.3342,8.5161,33.35,33.35,4.65,4.65,1e+05,1e+05,0,0,1e-05,1e-05,1e+05,1e+05,0,0.82428,0.12376,1,0,0.82428,1,465,0,0,0,0,484.45,484.51,484.57,173.19,173.05,173.17,88.04,83.028,1.5882,4.2158,73.989,69.697,1.3041,3.5298,530.72,501.43,9.3612,25.661
115.9,119.75,3.65,3.65,4.2776,2.2653,33.35,33.35,4.65,4.65,1e+05,1e+05,0,0,1e-05,1e-05,1e+05,1e+05,0,0.73362,0.40239,1,0,0.73362,1,460,0,0,0,0,75.04,84.44,84.55,152.64,112.16,152.7,7.1374,7.8518,26.761,25.962,5.7618,6.3637,22.311,21.702,41.773,46.141,161.69,157.3
302.47,176.45,3.65,3.65,2.9041,4.6405,33.35,33.35,4.65,4.65,1e+05,1e+05,0,0,1e-05,1e-05,1e+05,1e+05,0,0.55295,0.14945,1,0,0.55295,1,473,0,0,0,0,487.1,492.96,492.98,73.21,73.32,73.71,82.415,83.256,0.89144,0.22722,68.021,68.599,0.65221,0,487.21,492.35,4.7358,0
280.58,312.4,3.65,3.65,0.13106,0.12216,33.35,33.35,4.65,4.65,1e+05,1e+05,0,0,1e-05,1e-05,1e+05,1e+05,0,0.9176,0.21419,1,0,0.9176,1,286,0,0,0,0,23.04,23.46,23.64,61.27,56.06,66.74,11.19,12.334,39.699,38.515,13.544,15.084,51.695,50.14,97.123,108.54,371.07,360.21
260.44,315.67,3.65,3.65,0.022268,4.2886,33.35,33.35,4.65,4.65,1e+05,1e+05,0,0,1e-05,1e-05,1e+05,1e+05,0,0.8436,0.28618,1,0,0.8436,1,236,0,0,0,0,105.55,105.71,105.96,82.85,73.21,98.75,21.084,14.922,18.026,25.359,34.487,24.094,25.815,36.481,247.86,173.25,185.45,262.12
322.43,301.44,3.65,3.65,4.7102,0.063338,33.35,33.35,4.65,4.65,1e+05,1e+05,0,0,1e-05,1e-05,1e+05,1e+05,0,0.99539,0.38148,1,0,0.99539,1,306,0,0,0,0,40.11,26.16,38.51,90.13,99.73,99.74,27.643,21.922,27.968,33.39,30.194,24.017,32.772,40.604,217.17,172.63,235.17,291.56
344,392.9,3.65,3.65,0.12002,5.6289,33.35,33.35,4.65,4.65,1e+05,1e+05,0,0,1e-05,1e-05,1e+05,1e+05,0,0.95421,0.40995,1,0,0.95421,1,273,0,0,0,0,94.39,95.14,95.31,75.91,44.13,84.31,10.514,12.642,49.027,46.712,12.303,15.472,64.881,61.542,88.34,111.03,465.41,441.33
268.66,205.53,3.65,3.65,5.8974,0.12036,33.35,33.35,4.65,4.65,1e+05,1e+05,0,0,1e-05,1e-05,1e+05,1e+05,0,0.30741,0.21876,1,0,0.30741,1,451,0,0,0,0,136.16,66.05,264.98,103.91,104.5,104.73,61.712,64.25,7.9421,6.1168,48.853,51.124,5.5388,3.9659,351.15,367.63,39.857,28.514
211.81,204.58,3.65,3.65,1.1764,2.2855,33.35,33.35,4.65,4.65,1e+05,1e+05,0,0,1e-05,1e-05,1e+05,1e+05,0,0.59332,0.18991,1,0,0.59332,1,276,0,0,0,0,100.35,96.74,114.16,50.44,51.52,51.44,23.301,26.307,10.991,8.0878,32.935,37.272,15.42,11.316,237.01,268.2,110.73,81.804
166.54,137.38,3.65,3.65,8.0984,7.2547,33.35,33.35,4.65,4.65,1e+05,1e+05,0,0,1e-05,1e-05,1e+05,1e+05,0,0.91551,0.3339,1,0,0.91551,1,213,0,0,0,0,236.95,292.48,299.38,153.22,153.21,153.31,14.89,14.562,5.363,5.6171,27.633,27.049,10.031,10.445,199.46,195.46,72.525,75.468
418.88,428.06,3.65,3.65,5.3953,0.31464,33.35,33.35,4.65,4.65,1e+05,1e+05,0,0,1e-05,1e-05,1e+05,1e+05,0,0.59349,0.37176,1,0,0.59349,1,494,0,0,0,0,22.48,32.69,32.68,187.79,132.17,136.25,8.8661,8.5713,109.98,110.21,2.6969,2.2875,82.184,82.04,19.343,16.453,589.49,588.63
291.3,359.5,3.65,3.65,0.089994,7.074,33.35,33.35,4.65,4.65,1e+05,1e+05,0,0,1e-05,1e-05,1e+05,1e+05,0,0.49226,0.19613,1,0,0.49226,1,478,0,0,0,0,138.87,142.46,142.55,116.68,61.27,153.17,6.7766,4.1536,91.093,94.291,2.8292,0.61683,67.664,70.082,20.328,4.5015,487.04,503.56
236.54,257.64,3.65,3.65,0.094637,0.31346,33.35,33.35,4.65,4.65,1e+05,1e+05,0,0,1e-05,1e-05,1e+05,1e+05,0,0.8295,0.23571,1,0,0.8295,1,400,0,0,0,0,23.24,25.96,26.02,47.49,32.83,52.37,16.361,14.679,43.68,45.434,13.15,11.463,38.018,39.528,94.669,82.798,273.74,284.26
260.93,272.99,3.65,3.65,4.2942,2.4746,33.35,33.35,4.65,4.65,1e+05,1e+05,0,0,1e-05,1e-05,1e+05,1e+05,0,0.27085,0.20277,1,0,0.27085,1,220,0,0,0,0,84.42,84.71,84.21,177.74,181.95,182.43,8.0291,8.3688,26.801,26.472,14.218,14.755,47.941,47.185,102.22,106.18,344.36,338.92
202.2,465.98,3.65,3.65,0.48935,6.7626,33.35,33.35,4.65,4.65,1e+05,1e+05,0,0,1e-05,1e-05,1e+05,1e+05,0,0.95587,0.18001,1,0,0.95587,1,139,0,0,0,0,128.42,123.45,124.92,22.68,89.41,89.63,10.291,9.5015,13.324,15.137,29.445,27.276,37.873,43.013,212.25,196.21,271.43,308.6
192.43,206.91,3.65,3.65,0.48023,0.70909,33.35,33.35,4.65,4.65,1e+05,1e+05,0,0,1e-05,1e-05,1e+05,1e+05,0,0.46926,0.26436,1,0,0.46926,1,336,0,0,0,0,35.07,35.87,35.23,44.28,40.35,53.2,13.12,15.118,27.772,25.603,14.161,16.406,30.658,28.348,102.11,118.11,221.06,204.31
395,315.9,3.65,3.65,0.4212,0.25366,33.35,33.35,4.65,4.65,1e+05,1e+05,0,0,1e-05,1e-05,1e+05,1e+05,0,0.52604,0.21537,1,0,0.52604,1,230,0,0,0,0,123.16,120.97,132.96,22.98,23,23.52,44.556,45.513,5.7119,4.8753,74.307,75.887,8.8194,7.3934,532.68,544.4,63.33,52.949
490.62,486.34,3.65,3.65,0.10089,0.10678,33.35,33.35,4.65,4.65,1e+05,1e+05,0,0,1e-05,1e-05,1e+05,1e+05,0,0.65909,0.31111,1,0,0.65909,1,189,0,0,0,0,29.5,29.07,34.35,30.25,31.93,32.06,29.37,27.816,21.373,22.85,56.087,52.652,39.671,42.528,402.07,377.41,284.35,304.96
413.02,311.29,3.65,3.65,1.0736,0.17215,33.35,33.35,4.65,4.65,1e+05,1e+05,0,0,1e-05,1e-05,1e+05,1e+05,0,0.63096,0.14987,1,0,0.63096,1,457,0,0,0,0,219.03,227.53,400.48,33.25,33.73,34.08,100.4,102.38,5.2029,3.5739,82.051,83.903,2.6321,1.3894,588.16,602.12,19.174,10.036
263.6,245.9,3.65,3.65,0.18126,0.067716,33.35,33.35,4.65,4.65,1e+05,1e+05,0,0,1e-05,1e-05,1e+05,1e+05,0,0.50054,0.15197,1,0,0.50054,1,457,0,0,0,0,40.16,36.88,46.12,23.15,25.82,25.54,50.881,48.046,19.299,21.866,37.835,35.839,13.558,15.734,272.56,257.84,97.733,113.2
218.48,197.34,3.65,3.65,9.3913,2.95,33.35,33.35,4.65,4.65,1e+05,1e+05,0,0,1e-05,1e-05,1e+05,1e+05,0,0.31969,0.30416,1,0,0.31969,1,192,0,0,0,0,118.2,125.14,133.34,207.01,206.39,207.13,11.951,9.2317,11.733,14.265,24.52,18.89,24.083,29.436,176.54,136,173.5,212.13
354.43,398.81,3.65,3.65,0.51758,5.7236,33.35,33.35,4.65,4.65,1e+05,1e+05,0,0,1e-05,1e-05,1e+05,1e+05,0,0.86228,0.34437,1,0,0.86228,1,174,0,0,0,0,123.87,123.98,124.17,69.72,65.97,84.82,19.572,20.547,17.481,16.415,43.721,46.136,38.635,36.388,313.5,331.01,277.15,261.03
345.74,346.44,3.65,3.65,0.89612,1.1915,33.35,33.35,4.65,4.65,1e+05,1e+05,0,0,1e-05,1e-05,1e+05,1e+05,0,0.70734,0.3367,1,0,0.70734,1,264,0,0,0,0,47.35,60.03,60.1,44.04,41.43,48.41,26.465,26.891,26.266,25.863,36.622,37.067,36.385,35.634,262.11,265.94,260.83,256.29
410.21,441.6,3.65,3.65,0.048113,1.2596,33.35,33.35,4.65,4.65,1e+05,1e+05,0,0,1e-05,1e-05,1e+05,1e+05,0,0.8081,0.34242,1,0,0.8081,1,192,0,0,0,0,40.41,43.57,43.65,47.74,40.49,57.23,18.441,19.01,27.6,27.027,35.41,36.642,51.245,50.284,254.04,262.65,367.3,360.67
450.5,456.38,3.65,3.65,1.8478,2.4512,33.35,33.35,4.65,4.65,1e+05,1e+05,0,0,1e-05,1e-05,1e+05,1e+05,0,0.27264,0.41742,1,0,0.27264,1,483,0,0,0,0,76.18,98.05,97.9,53.51,42.24,44.67,53.235,45.017,68.96,77.325,34.039,26.156,44.954,51.447,244.51,187.79,322.71,369.56
143.33,123.9,3.65,3.65,3.9401,0.10256,33.35,33.35,4.65,4.65,1e+05,1e+05,0,0,1e-05,1e-05,1e+05,1e+05,0,0.98059,0.3565,1,0,0.98059,1,397,0,0,0,0,53.94,30.94,70.03,90.71,93.66,93.87,13.69,12.986,18.534,19.112,11.798,11.376,17.508,18.226,85.375,82.472,126.94,132.19
144.1,223.27,3.65,3.65,0.65037,2.8232,33.35,33.35,4.65,4.65,1e+05,1e+05,0,0,1e-05,1e-05,1e+05,1e+05,0,0.52101,0.10503,1,0,0.52101,1,469,0,0,0,0,73.04,70.06,75.44,62.91,64.78,65.03,25.05,23.498,23.962,26.434,20.573,19.116,19.606,21.691,148.67,139.13,141.03,156.3
328.67,328.67,3.65,3.65,1.2023,1.0061,33.35,33.35,4.65,4.65,1e+05,1e+05,0,0,1e-05,1e-05,1e+05,1e+05,0,0.92292,0.4024,1,0,0.92292,1,166,0,0,0,0,55.15,52.65,56.36,63.7,57.82,69.07,16.347,15.695,15.093,15.73,38.122,36.708,35.062,36.569,273.46,263.14,252.03,262.27
317.04,253.72,3.65,3.65,4.5082,1.8368,33.35,33.35,4.65,4.65,1e+05,1e+05,0,0,1e-05,1e-05,1e+05,1e+05,0,0.60131,0.23416,1,0,0.60131,1,401,0,0,0,0,280.05,197.71,357,100.92,102.25,102.49,70.577,71.531,2.9309,2.2701,68.032,68.3,2.3055,1.5212,487.73,491.75,16.657,10.994
239.64,200.71,3.65,3.65,1.2303,0.35737,33.35,33.35,4.65,4.65,1e+05,1e+05,0,0,1e-05,1e-05,1e+05,1e+05,0,0.93344,0.19461,1,0,0.93344,1,406,0,0,0,0,76.37,64.92,109.4,45.97,46.22,48.47,44.069,40.935,11.98,14.515,41.043,37.809,10.631,13.089,295.37,272.81,76.646,94.05
365.51,323.39,3.65,3.65,0.79555,1.5658,33.35,33.35,4.65,4.65,1e+05,1e+05,0,0,1e-05,1e-05,1e+05,1e+05,0,0.88688,0.1462,1,0,0.88688,1,232,0,0,0,0,93.77,86.58,92.01,29.03,29.41,29.53,38.218,37.168,8.7123,9.5217,64.583,62.84,14.511,15.834,463.12,451.06,104.29,113.72
442.14,320.03,3.65,3.65,7.883,0.825,33.35,33.35,4.65,4.65,1e+05,1e+05,0,0,1e-05,1e-05,1e+05,1e+05,0,0.94023,0.2934,1,0,0.94023,1,193,0,0,0,0,315.81,342.19,348.39,139.2,139.21,139.24,37.477,36.395,7.6675,8.4334,75.697,73.517,15.185,16.921,542.9,527.5,108.83,121.31
265.13,260.33,3.65,3.65,3.8229,1.1347,33.35,33.35,4.65,4.65,1e+05,1e+05,0,0,1e-05,1e-05,1e+05,1e+05,0,0.74065,0.20417,1,0,0.74065,1,206,0,0,0,0,52.23,51.22,52.46,119.29,119.94,118.9,9.2067,6.4828,22.287,24.903,17.529,12.294,42.517,47.537,125.97,88.426,305.21,341.49
407.12,407.17,3.65,3.65,0.38591,0.17015,33.35,33.35,4.65,4.65,1e+05,1e+05,0,0,1e-05,1e-05,1e+05,1e+05,0,0.14289,0.11048,1,0,0.14289,1,492,0,0,0,0,28,36.68,33.89,30.33,27.16,31.11,48.431,48.918,65.145,64.645,29.352,29.223,43.104,42.349,210.92,210.31,310.28,304.35
453.12,404.61,3.65,3.65,0.92336,1.4768,33.35,33.35,4.65,4.65,1e+05,1e+05,0,0,1e-05,1e-05,1e+05,1e+05,0,0.82127,0.20783,1,0,0.82127,1,199,0,0,0,0,123.7,115.25,130.38,42.89,43.6,43.65,41.198,40.194,7.8744,8.8807,81.105,79.082,15.069,17.004,581.52,566.93,107.67,121.6
186.35,198.74,3.65,3.65,0.10541,6.5481,33.35,33.35,4.65,4.65,1e+05,1e+05,0,0,1e-05,1e-05,1e+05,1e+05,0,0.80694,0.1478,1,0,0.80694,1,489,0,0,0,0,234.26,252.37,258.56,30.11,28.54,31.58,51.076,50.109,4.6374,5.5564,40.546,39.874,3.3873,4.0595,292.1,287.65,24.615,29.099
428.23,476.21,3.65,3.65,0.096853,0.93246,33.35,33.35,4.65,4.65,1e+05,1e+05,0,0,1e-05,1e-05,1e+05,1e+05,0,0.72003,0.35203,1,0,0.72003,1,204,0,0,0,0,35.05,35.73,35.83,58.03,45.24,73.83,12.032,9.4194,40.44,43.306,20.5,15.221,72.774,77.967,147.05,109.43,521.6,559.08
214.4,196.3,3.65,3.65,1.5721,4.6735,33.35,33.35,4.65,4.65,1e+05,1e+05,0,0,1e-05,1e-05,1e+05,1e+05,0,0.23966,0.14541,1,0,0.23966,1,439,0,0,0,0,217.95,216.32,241.77,56.18,56.13,56.95,46.928,49.379,8.7958,6.3247,41.477,43.841,7.531,5.3772,299,315.96,54.407,38.721
328.94,388.21,3.65,3.65,5.6644,0.8517,33.35,33.35,4.65,4.65,1e+05,1e+05,0,0,1e-05,1e-05,1e+05,1e+05,0,0.57091,0.10455,1,0,0.57091,1,492,0,0,0,0,36.69,37.11,37.56,345.31,367.05,378.46,2.687,2.3986,105.73,105.8,1.8736,1.6131,83.598,83.744,13.682,11.57,599.9,601.09
109.93,99.928,3.65,3.65,3.2065,0.47245,33.35,33.35,4.65,4.65,1e+05,1e+05,0,0,1e-05,1e-05,1e+05,1e+05,0,0.39515,0.28179,1,0,0.39515,1,478,0,0,0,0,45.61,34.16,49.83,97.6,98.96,99.29,10.941,9.5029,19.689,21.068,8.2117,7.1849,15.587,16.673,59.573,52.386,113.31,121.1
355.78,261.93,3.65,3.65,1.8651,2.438,33.35,33.35,4.65,4.65,1e+05,1e+05,0,0,1e-05,1e-05,1e+05,1e+05,0,0.42254,0.17042,1,0,0.42254,1,252,0,0,0,0,316.83,312.45,322.23,52.33,52.33,52.2,46.047,45.517,3.9537,4.3943,71.538,70.895,5.9977,6.7674,513.89,508.29,42.963,48.563
302.98,422.35,3.65,3.65,1.2847,1.447,33.35,33.35,4.65,4.65,1e+05,1e+05,0,0,1e-05,1e-05,1e+05,1e+05,0,0.97124,0.17575,1,0,0.97124,1,304,0,0,0,0,39.11,39.11,39.22,354.26,361.83,384.86,2.1056,1.4807,69.518,70.237,2.2676,1.5095,88.891,90.008,16.205,10.96,637.46,645.24
378.49,372.58,3.65,3.65,0.39438,2.1492,33.35,33.35,4.65,4.65,1e+05,1e+05,0,0,1e-05,1e-05,1e+05,1e+05,0,0.79466,0.23706,1,0,0.79466,1,370,0,0,0,0,91.65,65.13,85.99,25.48,32.75,32.79,64.383,66.638,15.216,13.165,64.863,67.274,12.906,10.771,465.64,482.91,92.835,77.687
280.51,377.58,3.65,3.65,0.41226,0.082946,33.35,33.35,4.65,4.65,1e+05,1e+05,0,0,1e-05,1e-05,1e+05,1e+05,0,0.98421,0.10478,1,0,0.98421,1,485,0,0,0,0,19.05,19.24,19.76,286.72,366.84,401.24,2.8539,2.4469,101.25,101.63,1.1664,0.84301,79.705,80.079,8.4674,5.9914,572.86,574.97
130.39,150.95,3.65,3.65,4.9009,7.1759,33.35,33.35,4.65,4.65,1e+05,1e+05,0,0,1e-05,1e-05,1e+05,1e+05,0,0.8161,0.42049,1,0,0.8161,1,353,0,0,0,0,154.59,155.01,155.16,256.23,196.54,306.59,6.242,5.327,25.45,26.476,6.7281,5.7257,28.055,29.161,48.914,41.419,202.44,210.6
252.99,311.4,3.65,3.65,0.1534,6.8727,33.35,33.35,4.65,4.65,1e+05,1e+05,0,0,1e-05,1e-05,1e+05,1e+05,0,0.23703,0.22307,1,0,0.23703,1,465,0,0,0,0,129.23,130.18,130.28,118.88,58.35,144.31,7.962,7.9331,75.246,75.268,4.2338,4.3757,56.354,56.833,30.523,31.578,405.1,407.99
373.53,404.55,3.65,3.65,0.10835,7.6186,33.35,33.35,4.65,4.65,1e+05,1e+05,0,0,1e-05,1e-05,1e+05,1e+05,0,0.90487,0.23918,1,0,0.90487,1,177,0,0,0,0,207.24,207.25,209.21,38.69,38.73,38.85,32.859,32.779,5.0747,5.1695,73.153,72.926,10.983,11.184,524.54,523.28,78.661,80.039
265.79,235.32,3.65,3.65,6.6252,2.7977,33.35,33.35,4.65,4.65,1e+05,1e+05,0,0,1e-05,1e-05,1e+05,1e+05,0,0.48138,0.24072,1,0,0.48138,1,390,0,0,0,0,229.37,160.49,263.63,135.74,140.29,140.5,46.487,47.764,13.512,12.265,45.877,47.118,12.91,11.765,329.67,338.88,93.01,84.837
325.15,383.75,3.65,3.65,0.7751,0.64171,33.35,33.35,4.65,4.65,1e+05,1e+05,0,0,1e-05,1e-05,1e+05,1e+05,0,0.47383,0.2228,1,0,0.47383,1,424,0,0,0,0,23.93,25.18,25.29,124.73,81.14,149.78,3.6189,2.5118,88.845,89.918,1.1487,0.0051941,78.223,79.043,8.1081,0.16138,561.7,567.32
275.24,125.39,3.65,3.65,3.0636,0.074204,33.35,33.35,4.65,4.65,1e+05,1e+05,0,0,1e-05,1e-05,1e+05,1e+05,0,0.92077,0.16426,1,0,0.92077,1,458,0,0,0,0,398.68,403.69,403.73,70.14,70.04,70.41,68.621,71.285,2.9076,1.7459,56.996,58.969,2.1399,1.1576,409.99,424.08,15.463,8.3654
277.84,197.99,3.65,3.65,1.4158,8.0219,33.35,33.35,4.65,4.65,1e+05,1e+05,0,0,1e-05,1e-05,1e+05,1e+05,0,0.59178,0.2187,1,0,0.59178,1,305,0,0,0,0,445.39,444.45,457.51,34.99,35.04,35.12,49.039,49.378,0.63168,0.49475,63.065,63.488,0.76357,0.58716,452.74,455.81,5.5454,4.2414
329,353.69,3.65,3.65,0.32546,0.8178,33.35,33.35,4.65,4.65,1e+05,1e+05,0,0,1e-05,1e-05,1e+05,1e+05,0,0.5433,0.24792,1,0,0.5433,1,432,0,0,0,0,29.03,32.11,32.12,39.46,28.39,36.22,16.181,17.019,71.03,69.925,8.6086,9.4543,55.766,54.596,61.849,68.03,401.05,392.78
230.58,259.25,3.65,3.65,5.5812,7.7519,33.35,33.35,4.65,4.65,1e+05,1e+05,0,0,1e-05,1e-05,1e+05,1e+05,0,0.69611,0.26927,1,0,0.69611,1,496,0,0,0,0,169.04,171.1,171.12,291.56,188.25,255.17,9.2681,6.6825,66.426,69.2,6.7638,4.721,51.251,53.587,48.654,34.248,368.93,385.01
299.01,297.45,3.65,3.65,0.32611,5.9627,33.35,33.35,4.65,4.65,1e+05,1e+05,0,0,1e-05,1e-05,1e+05,1e+05,0,0.88294,0.24905,1,0,0.88294,1,275,0,0,0,0,189.95,180.74,197.29,30.97,35.66,35.77,43.556,43.739,4.4791,4.1822,61.871,62.305,5.9467,5.7004,444.18,447.81,42.756,40.966
445.64,331.68,3.65,3.65,3.1591,2.7012,33.35,33.35,4.65,4.65,1e+05,1e+05,0,0,1e-05,1e-05,1e+05,1e+05,0,0.6734,0.17007,1,0,0.6734,1,182,0,0,0,0,208.13,212.42,227.74,82.02,79.48,79.5,32.26,32.478,9.704,9.3463,69.893,70.162,20.91,20.166,500.64,503.04,150.64,144.84
315.22,279.21,3.65,3.65,5.2419,7.8976,33.35,33.35,4.65,4.65,1e+05,1e+05,0,0,1e-05,1e-05,1e+05,1e+05,0,0.72997,0.39538,1,0,0.72997,1,209,0,0,0,0,345.53,317.86,367.6,116.62,116.78,116.9,35.442,34.143,2.592,3.7036,66.721,64.141,4.6464,6.85,478.7,460.44,33.259,49.279
302.85,177.68,3.65,3.65,0.79066,0.028641,33.35,33.35,4.65,4.65,1e+05,1e+05,0,0,1e-05,1e-05,1e+05,1e+05,0,0.70831,0.11788,1,0,0.70831,1,427,0,0,0,0,123.45,127.69,128.77,28.61,27.33,28.35,61.532,62.274,8.5174,8.0061,52.33,53.022,7.1493,6.6147,376.2,381.09,51.629,47.767
343.24,335.38,3.65,3.65,1.5772,0.36922,33.35,33.35,4.65,4.65,1e+05,1e+05,0,0,1e-05,1e-05,1e+05,1e+05,0,0.69872,0.16697,1,0,0.69872,1,303,0,0,0,0,37.27,36.75,38.61,67.84,70.37,73.71,22.934,19.401,36.158,39.632,28.668,23.954,45.678,50.442,205.55,173.28,328.39,361.12
149.32,187.14,3.65,3.65,0.25737,6.198,33.35,33.35,4.65,4.65,1e+05,1e+05,0,0,1e-05,1e-05,1e+05,1e+05,0,0.67182,0.25105,1,0,0.67182,1,295,0,0,0,0,148.93,145.14,145.22,54.91,53.76,56.97,17.934,20.897,11.057,7.4072,23.735,27.611,14.269,9.4794,171.54,199.32,102.8,68.172
354.26,335.44,3.65,3.65,0.21566,0.1803,33.35,33.35,4.65,4.65,1e+05,1e+05,0,0,1e-05,1e-05,1e+05,1e+05,0,0.52468,0.20508,1,0,0.52468,1,283,0,0,0,0,41.34,41.86,49.68,26.89,28.02,28.22,38.686,37.462,18.072,19.313,50.416,48.718,22.429,24.044,361.94,349.46,162.24,173.53
238.81,185.01,3.65,3.65,5.1021,0.15708,33.35,33.35,4.65,4.65,1e+05,1e+05,0,0,1e-05,1e-05,1e+05,1e+05,0,0.95228,0.22559,1,0,0.95228,1,346,0,0,0,0,110.12,101.56,135.43,129.48,129.9,130.18,27.346,26.019,17.353,18.347,29.707,28.352,19.244,20.247,213.48,204.12,138.83,146.04
233.91,448.15,3.65,3.65,8.0935,4.8633,33.35,33.35,4.65,4.65,1e+05,1e+05,0,0,1e-05,1e-05,1e+05,1e+05,0,0.54201,0.13412,1,0,0.54201,1,337,0,0,0,0,85.21,85.25,85.29,483.79,483.86,486.47,0.62599,0.10864,83.071,83.61,0.6556,0,96.613,97.291,4.7538,0.021741,692.23,697.45
216.35,312.94,3.65,3.65,0.18682,3.7966,33.35,33.35,4.65,4.65,1e+05,1e+05,0,0,1e-05,1e-05,1e+05,1e+05,0,0.63712,0.19045,1,0,0.63712,1,343,0,0,0,0,88.14,88.19,88.39,235.79,228.04,253.86,8.7204,8.355,50.426,51.026,9.3664,8.9638,55.903,56.575,67.422,64.699,401.58,406.54
462.31,259.87,3.65,3.65,3.8062,4.9114,33.35,33.35,4.65,4.65,1e+05,1e+05,0,0,1e-05,1e-05,1e+05,1e+05,0,0.94696,0.19409,1,0,0.94696,1,494,0,0,0,0,497.14,499.22,501,83.41,83.58,84.19,126.11,126.21,0.33391,0.31898,99.521,99.682,0,0,713.58,715.25,0,0
153.82,207.05,3.65,3.65,0.90107,3.8083,33.35,33.35,4.65,4.65,1e+05,1e+05,0,0,1e-05,1e-05,1e+05,1e+05,0,0.46539,0.17149,1,0,0.46539,1,370,0,0,0,0,101.6,96.57,98.93,92.87,98.95,99.39,19.715,17.77,19.677,22.328,20.639,18.596,20.46,23.23,149.33,134.38,147.79,167.51
238.74,284.41,3.65,3.65,0.69218,1.9544,33.35,33.35,4.65,4.65,1e+05,1e+05,0,0,1e-05,1e-05,1e+05,1e+05,0,0.54081,0.076703,1,0,0.54081,1,486,0,0,0,0,70.69,65.65,78.97,36.42,39.49,40.25,45.814,49.73,25.926,20.883,36.308,39.44,20.334,16.225,261.13,283.79,146.24,116.69
280.96,190.68,3.65,3.65,1.2801,4.6621,33.35,33.35,4.65,4.65,1e+05,1e+05,0,0,1e-05,1e-05,1e+05,1e+05,0,0.508,0.17557,1,0,0.508,1,436,0,0,0,0,435.58,438.13,461.98,32.91,33,33.41,71.252,71.35,0.61271,0.61325,63.623,63.664,0.40797,0.43273,457.36,457.27,2.9248,3.0088
434.07,408.23,3.65,3.65,0.33858,2.2891,33.35,33.35,4.65,4.65,1e+05,1e+05,0,0,1e-05,1e-05,1e+05,1e+05,0,0.45661,0.10675,1,0,0.45661,1,288,0,0,0,0,166.93,150.93,165.9,24.56,24.64,24.76,60.648,63.864,8.5928,5.4851,82.163,86.522,11.305,7.0312,589.11,620.79,80.969,50.355
301.14,259.06,3.65,3.65,2.8553,2.4591,33.35,33.35,4.65,4.65,1e+05,1e+05,0,0,1e-05,1e-05,1e+05,1e+05,0,0.92142,0.32562,1,0,0.92142,1,187,0,0,0,0,209.03,213,214.91,71.53,72.04,72.11,23.887,22.861,7.7519,8.5776,50.16,48.109,16.122,17.874,360.11,345.25,115.83,128.73
463.84,406.18,3.65,3.65,0.38822,8.2123,33.35,33.35,4.65,4.65,1e+05,1e+05,0,0,1e-05,1e-05,1e+05,1e+05,0,0.98475,0.23254,1,0,0.98475,1,219,0,0,0,0,376.96,370.4,395.11,23.84,23.96,24.15,55.334,55.102,0.87135,1.0569,99.326,98.883,1.4094,1.6674,711.44,708.24,10.113,12.018
225.29,185.84,3.65,3.65,7.8151,0.75439,33.35,33.35,4.65,4.65,1e+05,1e+05,0,0,1e-05,1e-05,1e+05,1e+05,0,0.5215,0.29992,1,0,0.5215,1,426,0,0,0,0,115.59,67.02,170.97,136.26,137.61,137.73,44.917,48.023,10.661,8.1386,39.515,42.251,8.8494,6.5207,284.55,304.56,63.792,47.009
212.64,460.16,3.65,3.65,9.2518,4.8546,33.35,33.35,4.65,4.65,1e+05,1e+05,0,0,1e-05,1e-05,1e+05,1e+05,0,0.75523,0.18428,1,0,0.75523,1,319,0,0,0,0,85.08,85.1,85.14,501,501,501,0.091012,0.06629,81.072,81.236,0,0,99.685,99.736,0,0,714.43,714.53
235.3,313.05,3.65,3.65,0.060017,3.0844,33.35,33.35,4.65,4.65,1e+05,1e+05,0,0,1e-05,1e-05,1e+05,1e+05,0,0.92806,0.30745,1,0,0.92806,1,189,0,0,0,0,69.74,69.61,69.62,111.66,109.43,112.05,9.0206,10.787,22.498,20.216,18.506,22.251,44.726,40.239,133.26,159.74,321.23,289.49
294.09,371.95,3.65,3.65,0.10043,6.0175,33.35,33.35,4.65,4.65,1e+05,1e+05,0,0,1e-05,1e-05,1e+05,1e+05,0,0.29091,0.23643,1,0,0.29091,1,178,0,0,0,0,124.95,124.96,123.39,85.93,88.54,88.63,21.543,19.382,11.014,13.724,47.662,42.715,23.116,28.953,342.33,306.97,165.44,207.41
210.83,390.23,3.65,3.65,0.63027,5.5997,33.35,33.35,4.65,4.65,1e+05,1e+05,0,0,1e-05,1e-05,1e+05,1e+05,0,0.5034,0.14002,1,0,0.5034,1,454,0,0,0,0,120.31,120.34,120.7,459.76,461.62,461.67,4.0991,3.0166,93.997,95.824,3.0976,2.1755,80.054,81.482,22.172,15.765,574.38,584.35
261.16,119.52,3.65,3.65,6.7513,0.18501,33.35,33.35,4.65,4.65,1e+05,1e+05,0,0,1e-05,1e-05,1e+05,1e+05,0,0.93546,0.1457,1,0,0.93546,1,446,0,0,0,0,263.53,263.09,263.99,147.88,140.51,148.84,45.921,48.378,11.105,9.9308,39.589,41.693,9.5249,8.4944,284.6,299.75,68.83,61.43
173.2,153.72,3.65,3.65,0.27778,9.286,33.35,33.35,4.65,4.65,1e+05,1e+05,0,0,1e-05,1e-05,1e+05,1e+05,0,0.97113,0.2684,1,0,0.97113,1,487,0,0,0,0,344.38,282.19,347.11,21.28,22.63,22.71,50.267,50.911,0.98661,0.5566,39.954,40.643,0.62058,0.27124,288.86,293.37,4.4715,2.0455
247.23,184.79,3.65,3.65,9.6223,0.12011,33.35,33.35,4.65,4.65,1e+05,1e+05,0,0,1e-05,1e-05,1e+05,1e+05,0,0.39511,0.27052,1,0,0.39511,1,351,0,0,0,0,204.43,115.89,322.21,165.18,165.45,165.69,34.449,41.141,13.179,7.9859,35.744,42.943,13.962,8.1793,257.54,309.41,100.72,59.048
452.42,472.54,3.65,3.65,2.0961,1.1954,33.35,33.35,4.65,4.65,1e+05,1e+05,0,0,1e-05,1e-05,1e+05,1e+05,0,0.82607,0.4152,1,0,0.82607,1,154,0,0,0,0,49.59,52.58,52.66,104.8,93.72,113.74,8.4106,8.7529,31.444,31.054,20.418,21.317,79.21,78.408,146.48,152.7,567.68,561.48
169.03,211.94,3.65,3.65,0.74233,4.673,33.35,33.35,4.65,4.65,1e+05,1e+05,0,0,1e-05,1e-05,1e+05,1e+05,0,0.24375,0.17332,1,0,0.24375,1,487,0,0,0,0,110.8,111.27,111.55,125.24,109.94,216.87,15.209,13.488,43.39,45.498,11.504,10.263,33.537,35.272,82.867,73.932,242.12,253.9
462.5,235.99,3.65,3.65,6.5719,0.14028,33.35,33.35,4.65,4.65,1e+05,1e+05,0,0,1e-05,1e-05,1e+05,1e+05,0,0.88786,0.089747,1,0,0.88786,1,437,0,0,0,0,149.52,149.96,150.02,138.05,137.56,138.47,57.923,55.492,29.958,31.131,50.92,48.913,26.352,27.51,365.43,350.5,190.1,197.83
439.69,259.39,3.65,3.65,8.2118,1.3161,33.35,33.35,4.65,4.65,1e+05,1e+05,0,0,1e-05,1e-05,1e+05,1e+05,0,0.88966,0.26401,1,0,0.88966,1,391,0,0,0,0,499.54,491.18,501,116.16,116.3,116.68,95.17,95.237,0.52931,0.53651,94.218,94.505,0,0,676.42,677.52,0,0
273.72,287.99,3.65,3.65,2.3354,2.7383,33.35,33.35,4.65,4.65,1e+05,1e+05,0,0,1e-05,1e-05,1e+05,1e+05,0,0.56467,0.38335,1,0,0.56467,1,294,0,0,0,0,75.31,86.41,86.54,92.66,75.4,107.19,10.726,16.541,38.48,32.367,13.053,20.998,49.824,41.714,93.64,150.79,357.98,299.93
161.79,164.04,3.65,3.65,1.9372,1.4219,33.35,33.35,4.65,4.65,1e+05,1e+05,0,0,1e-05,1e-05,1e+05,1e+05,0,0.61596,0.23483,1,0,0.61596,1,428,0,0,0,0,64.89,68.3,68.55,94.43,80.64,97.08,19.575,17.041,22.996,25.576,17.316,14.946,20.425,22.817,124.91,108.12,147.54,164.99
114.87,124.26,3.65,3.65,8.1544,7.3093,33.35,33.35,4.65,4.65,1e+05,1e+05,0,0,1e-05,1e-05,1e+05,1e+05,0,0.84812,0.35688,1,0,0.84812,1,458,0,0,0,0,204.37,215.81,215.89,288.61,219.85,278.46,10.987,9.7988,23.217,24.626,9.2043,8.2283,19.772,20.773,66.705,59.7,143.29,150.67
205.94,193.79,3.65,3.65,4.7715,9.6208,33.35,33.35,4.65,4.65,1e+05,1e+05,0,0,1e-05,1e-05,1e+05,1e+05,0,0.44394,0.26913,1,0,0.44394,1,487,0,0,0,0,300.89,225.36,278.98,112.85,124,119.51,52.588,55.546,7.5722,4.9853,41.814,44.061,5.7815,3.6717,301.27,317.48,41.667,26.477
184.93,298.83,3.65,3.65,0.33658,3.5401,33.35,33.35,4.65,4.65,1e+05,1e+05,0,0,1e-05,1e-05,1e+05,1e+05,0,0.85412,0.10239,1,0,0.85412,1,377,0,0,0,0,100.95,86.55,94.73,36.98,37.03,37.81,32.089,31.386,15.483,16.598,33.137,32.276,15.842,16.958,238.66,232.78,113.88,121.8
275.4,223.97,3.65,3.65,1.0569,3.208,33.35,33.35,4.65,4.65,1e+05,1e+05,0,0,1e-05,1e-05,1e+05,1e+05,0,0.26682,0.15593,1,0,0.26682,1,351,0,0,0,0,273.3,272.93,309.17,34.89,34.99,35.15,53.71,54.139,2.7681,2.295,59.662,60.068,2.8664,2.3076,428.58,431.65,20.637,16.611
279.06,364.36,3.65,3.65,3.9221,3.0458,33.35,33.35,4.65,4.65,1e+05,1e+05,0,0,1e-05,1e-05,1e+05,1e+05,0,0.73531,0.22657,1,0,0.73531,1,450,0,0,0,0,63.77,64.41,64.63,417.49,332.34,477.86,0.59082,0.66659,93.078,93.15,0,0,80.247,80.203,0,0,575.92,575.36
492.83,491.59,3.65,3.65,7.4614,6.1547,33.35,33.35,4.65,4.65,1e+05,1e+05,0,0,1e-05,1e-05,1e+05,1e+05,0,0.21697,0.3331,1,0,0.21697,1,395,0,0,0,0,153.62,125.45,140.33,175.52,213.97,213.83,50.607,48.042,56.481,59.115,47.432,43.979,53.373,55.103,340.09,315.42,383.15,395.29
171.83,358.56,3.65,3.65,0.1167,4.8954,33.35,33.35,4.65,4.65,1e+05,1e+05,0,0,1e-05,1e-05,1e+05,1e+05,0,0.77562,0.13143,1,0,0.77562,1,370,0,0,0,0,105.58,105.27,105.28,214.88,217.34,217.5,9.2714,13.445,57.991,49.623,9.5785,14.041,60.155,51.611,69.138,101.52,432.24,370.83
387.46,424.12,3.65,3.65,0.016937,0.42113,33.35,33.35,4.65,4.65,1e+05,1e+05,0,0,1e-05,1e-05,1e+05,1e+05,0,0.75651,0.27297,1,0,0.75651,1,282,0,0,0,0,22.68,23.85,23.89,48.96,34.62,53.01,12.91,11.974,53.125,54.151,13.08,11.677,58.663,59.966,94.064,83.492,421.13,430.54
420.09,201.3,3.65,3.65,6.3498,0.26879,33.35,33.35,4.65,4.65,1e+05,1e+05,0,0,1e-05,1e-05,1e+05,1e+05,0,0.9081,0.17859,1,0,0.9081,1,377,0,0,0,0,462.06,464.35,470.34,110.37,110.39,110.64,85.953,85.81,1.881,1.9035,88.232,87.989,1.5514,1.5668,632.76,631.08,11.072,11.269
296.52,354.58,3.65,3.65,0.79678,5.6654,33.35,33.35,4.65,4.65,1e+05,1e+05,0,0,1e-05,1e-05,1e+05,1e+05,0,0.8037,0.1692,1,0,0.8037,1,251,0,0,0,0,151.36,148.64,152.37,60.16,60.18,61.44,28.713,31.735,17.168,13.573,44.707,49.487,26.626,21.006,321.03,355.07,191.29,150.86
217.14,191.77,3.65,3.65,2.3477,3.3187,33.35,33.35,4.65,4.65,1e+05,1e+05,0,0,1e-05,1e-05,1e+05,1e+05,0,0.8615,0.2546,1,0,0.8615,1,389,0,0,0,0,217.94,178.82,253.69,65.65,66.09,66.32,43.093,44.433,6.8783,5.6265,42.839,44.284,6.5209,5.3006,308.3,318.66,47.232,38.151
245.19,342.71,3.65,3.65,0.034018,0.39772,33.35,33.35,4.65,4.65,1e+05,1e+05,0,0,1e-05,1e-05,1e+05,1e+05,0,0.89287,0.16948,1,0,0.89287,1,462,0,0,0,0,21.5,21.97,22.29,251.45,203.95,417.27,2.4547,3.1372,88.607,87.557,0.71882,1.2047,68.121,68.066,5.1711,8.7606,492.72,487.28
371.99,405.17,3.65,3.65,4.7018,0.24789,33.35,33.35,4.65,4.65,1e+05,1e+05,0,0,1e-05,1e-05,1e+05,1e+05,0,0.83479,0.14399,1,0,0.83479,1,367,0,0,0,0,24.03,24.74,25.05,240.82,251.27,283.11,4.8615,3.9481,79.177,79.928,4.6039,3.7277,83.613,84.842,32.929,26.76,599.84,608.24
466.82,485.45,3.65,3.65,0.31002,0.046567,33.35,33.35,4.65,4.65,1e+05,1e+05,0,0,1e-05,1e-05,1e+05,1e+05,0,0.91495,0.22802,1,0,0.91495,1,335,0,0,0,0,22.08,25.92,26.02,31.59,27.43,30.4,19.983,22.245,69.252,66.898,15.011,16.197,71.436,67.07,107.66,116.55,512.77,481.61
341.73,344.42,3.65,3.65,0.027634,0.398,33.35,33.35,4.65,4.65,1e+05,1e+05,0,0,1e-05,1e-05,1e+05,1e+05,0,0.63969,0.16772,1,0,0.63969,1,494,0,0,0,0,28.94,39.3,36.79,28.26,22.05,26.17,53.039,56.088,44.938,41.91,32.503,35.451,23.08,21.927,235.32,256.7,166.35,157.58
413.44,369.61,3.65,3.65,0.59589,0.98966,33.35,33.35,4.65,4.65,1e+05,1e+05,0,0,1e-05,1e-05,1e+05,1e+05,0,0.96973,0.17044,1,0,0.96973,1,490,0,0,0,0,112.45,54.45,86.91,23.98,25.43,25.47,105.9,107.91,8.0835,6.2979,79.697,81.442,3.286,1.9776,572.06,585.17,23.763,14.357
377.08,328.48,3.65,3.65,1.8157,0.20603,33.35,33.35,4.65,4.65,1e+05,1e+05,0,0,1e-05,1e-05,1e+05,1e+05,0,0.074206,0.077404,1,0,0.074206,1,467,0,0,0,0,40.5,46.08,47.88,51.71,53.54,53.99,45.473,38.124,48.421,54.967,34.051,28.19,38.516,43.912,244.56,202.67,277.18,315.03
449.31,217.73,3.65,3.65,3.63,0.36714,33.35,33.35,4.65,4.65,1e+05,1e+05,0,0,1e-05,1e-05,1e+05,1e+05,0,0.59464,0.16266,1,0,0.59464,1,390,0,0,0,0,490.66,486.16,490.69,74.62,74.62,74.7,95.451,96.596,1.4103,0.57596,94.651,95.977,0.93916,0,678.69,687.5,6.7152,0
435.65,389.01,3.65,3.65,0.33614,0.057176,33.35,33.35,4.65,4.65,1e+05,1e+05,0,0,1e-05,1e-05,1e+05,1e+05,0,0.59033,0.14823,1,0,0.59033,1,463,0,0,0,0,63.46,38.43,63.67,22.14,23.36,23.38,99.568,100.51,12.648,11.656,73.821,74.596,5.3553,4.5263,529.89,535.91,38.403,32.611
313.25,344.78,3.65,3.65,7.0337,3.4616,33.35,33.35,4.65,4.65,1e+05,1e+05,0,0,1e-05,1e-05,1e+05,1e+05,0,0.424,0.1293,1,0,0.424,1,371,0,0,0,0,114.5,116.73,120.44,303.39,310.76,319.32,12.968,12.58,59.354,59.471,13.504,13.203,62.729,62.684,96.967,94.977,448.87,450.15
486.76,393.12,3.65,3.65,6.8523,4.8056,33.35,33.35,4.65,4.65,1e+05,1e+05,0,0,1e-05,1e-05,1e+05,1e+05,0,0.9296,0.11999,1,0,0.9296,1,236,0,0,0,0,179.4,174.37,188.25,161.57,159.37,161.89,37.632,37.092,20.419,20.933,62.613,61.563,34.003,34.847,448.88,441.55,243.84,250.13
348.56,267.91,3.65,3.65,0.62894,1.9899,33.35,33.35,4.65,4.65,1e+05,1e+05,0,0,1e-05,1e-05,1e+05,1e+05,0,0.96333,0.20551,1,0,0.96333,1,417,0,0,0,0,351.39,303.03,458.39,22.49,22.97,23.3,82.295,81.81,0.78463,1.6352,76.636,75.733,0,0.9734,550.2,544.84,0.010388,6.7923
171.62,184.81,3.65,3.65,2.0965,9.6884,33.35,33.35,4.65,4.65,1e+05,1e+05,0,0,1e-05,1e-05,1e+05,1e+05,0,0.96884,0.54223,1,0,0.96884,1,271,0,0,0,0,186.49,199.85,199.94,106.61,78.24,116.09,16.59,18.007,12.468,10.94,23.795,25.724,17.737,15.362,171.61,185.84,127.83,110.63
319.09,358.92,3.65,3.65,3.8331,0.76374,33.35,33.35,4.65,4.65,1e+05,1e+05,0,0,1e-05,1e-05,1e+05,1e+05,0,0.34608,0.1394,1,0,0.34608,1,346,0,0,0,0,33.5,33.62,33.89,245.64,244.93,276.47,5.9462,4.7039,64.784,66.056,6.3609,4.9364,72.887,74.412,45.584,35.463,522.83,533.8
290.96,155.81,3.65,3.65,4.6474,0.10142,33.35,33.35,4.65,4.65,1e+05,1e+05,0,0,1e-05,1e-05,1e+05,1e+05,0,0.7448,0.1712,1,0,0.7448,1,391,0,0,0,0,306.99,310.15,310.26,89.66,86.93,89.63,58.496,55.816,4.7468,6.2335,57.014,54.354,4.3271,5.8913,409.67,390.96,31.532,42.542
223.52,233.46,3.65,3.65,1.088,2.5398,33.35,33.35,4.65,4.65,1e+05,1e+05,0,0,1e-05,1e-05,1e+05,1e+05,0,0.49126,0.44493,1,0,0.49126,1,381,0,0,0,0,66.05,76.64,76.47,58.88,41.53,51.83,19.391,21.671,33.106,30.789,17.613,19.853,31.229,28.643,126.94,142.9,224.98,206.28
187.77,148.48,3.65,3.65,5.5596,0.30101,33.35,33.35,4.65,4.65,1e+05,1e+05,0,0,1e-05,1e-05,1e+05,1e+05,0,0.63093,0.18105,1,0,0.63093,1,494,0,0,0,0,83.9,71.21,112.3,152.61,152.95,153.29,24.438,18.836,25.469,30.16,18.49,14.287,19.686,23.266,133.36,102.91,142.09,169.33
498.83,488.12,3.65,3.65,2.6623,1.9174,33.35,33.35,4.65,4.65,1e+05,1e+05,0,0,1e-05,1e-05,1e+05,1e+05,0,0.3495,0.49624,1,0,0.3495,1,401,0,0,0,0,75.87,39.21,47.43,71.81,86.37,86.32,69.813,76.568,39.468,32.954,58.231,63.159,29.709,23.471,417.98,453.31,213.05,168.48
343.65,225.17,3.65,3.65,2.6425,0.11252,33.35,33.35,4.65,4.65,1e+05,1e+05,0,0,1e-05,1e-05,1e+05,1e+05,0,0.94223,0.2552,1,0,0.94223,1,268,0,0,0,0,355.71,363.82,374.75,52.68,52.73,52.82,48.837,49.948,2.9559,2.2779,69.754,71.073,3.8096,2.7898,499.58,510.63,27.523,20.033
246.25,408.96,3.65,3.65,0.29055,7.2508,33.35,33.35,4.65,4.65,1e+05,1e+05,0,0,1e-05,1e-05,1e+05,1e+05,0,0.8067,0.22482,1,0,0.8067,1,191,0,0,0,0,160.63,160.63,161.59,209.12,209.19,209.42,11.65,11.08,25.479,26.441,23.918,22.73,52.155,54.163,172.31,163.21,373.93,388.42
379.57,393.26,3.65,3.65,0.23141,0.37622,33.35,33.35,4.65,4.65,1e+05,1e+05,0,0,1e-05,1e-05,1e+05,1e+05,0,0.77771,0.15006,1,0,0.77771,1,463,0,0,0,0,25.35,29.59,29.68,34.68,28.96,36.3,38.754,37.535,63.937,65.15,26.522,25.148,46.699,47.714,190.57,180.68,335.66,343.03
184.61,159.12,3.65,3.65,1.74,8.1618,33.35,33.35,4.65,4.65,1e+05,1e+05,0,0,1e-05,1e-05,1e+05,1e+05,0,0.59727,0.29994,1,0,0.59727,1,361,0,0,0,0,355.66,312.99,389.01,47.78,48.84,49.03,39.415,38.38,0.89777,1.8145,42.58,41.511,0.84972,1.8744,306.79,299.17,6.1531,13.554
137.74,191.07,3.65,3.65,3.8121,5.8245,33.35,33.35,4.65,4.65,1e+05,1e+05,0,0,1e-05,1e-05,1e+05,1e+05,0,0.76613,0.30501,1,0,0.76613,1,479,0,0,0,0,103.25,103.83,104.04,388.42,274.7,467.73,0.5875,0.80773,54.796,54.523,0.30557,0.54307,44.256,44.184,2.2732,3.8684,319.2,318.07
330.4,272.19,3.65,3.65,4.2592,0.9049,33.35,33.35,4.65,4.65,1e+05,1e+05,0,0,1e-05,1e-05,1e+05,1e+05,0,0.44813,0.27159,1,0,0.44813,1,474,0,0,0,0,176.99,62.92,152.37,77.21,78.26,78.37,87.131,88.056,3.4363,2.4086,68.576,68.669,1.2325,0,491.9,494.38,8.7573,0
154.25,290.47,3.65,3.65,0.99053,2.941,33.35,33.35,4.65,4.65,1e+05,1e+05,0,0,1e-05,1e-05,1e+05,1e+05,0,0.64128,0.13731,1,0,0.64128,1,391,0,0,0,0,64.58,63.8,65.3,271.45,278.01,287,5.0393,4.9202,57.419,57.595,4.7931,4.7318,57.189,57.343,34.563,34.063,410.76,411.8
378.3,424.87,3.65,3.65,2.157,0.81385,33.35,33.35,4.65,4.65,1e+05,1e+05,0,0,1e-05,1e-05,1e+05,1e+05,0,0.8008,0.28028,1,0,0.8008,1,472,0,0,0,0,27.74,29.69,29.69,156.8,80.07,106.04,3.0102,2.4681,109.64,110.18,0,0,86.92,87.98,0,0,623.83,631.47
168.88,278.84,3.65,3.65,3.7493,8.0537,33.35,33.35,4.65,4.65,1e+05,1e+05,0,0,1e-05,1e-05,1e+05,1e+05,0,0.50402,0.17469,1,0,0.50402,1,427,0,0,0,0,165.83,163.79,166.62,472.64,476.38,476.44,4.3551,2.2483,63.319,66.693,3.8738,1.9444,57.785,60.952,28.076,14.15,415.3,437.78
349.28,458.57,3.65,3.65,0.036817,0.57105,33.35,33.35,4.65,4.65,1e+05,1e+05,0,0,1e-05,1e-05,1e+05,1e+05,0,0.84654,0.24438,1,0,0.84654,1,358,0,0,0,0,21.81,22.25,22.53,251.66,149.83,411.23,2.1322,2.0164,88.952,88.975,0,0,89.577,89.89,0,0,642.65,644.73
257.5,286.95,3.65,3.65,0.24286,3.0544,33.35,33.35,4.65,4.65,1e+05,1e+05,0,0,1e-05,1e-05,1e+05,1e+05,0,0.41299,0.21192,1,0,0.41299,1,267,0,0,0,0,95.16,99.48,99.63,50.04,46.34,56.76,26.075,26.365,16.164,15.86,37.799,38.169,22.777,22.322,271.82,274.64,163.31,160.13
250.84,384.14,3.65,3.65,1.6053,2.3808,33.35,33.35,4.65,4.65,1e+05,1e+05,0,0,1e-05,1e-05,1e+05,1e+05,0,0.83103,0.12722,1,0,0.83103,1,372,0,0,0,0,53.35,53.35,53.77,301.71,312.98,321.92,4.6459,3.5718,74.789,76.434,4.5797,3.488,77.993,79.68,32.925,25.094,559.35,571.69
477.82,455.13,3.65,3.65,2.296,8.5262,33.35,33.35,4.65,4.65,1e+05,1e+05,0,0,1e-05,1e-05,1e+05,1e+05,0,0.89315,0.36066,1,0,0.89315,1,195,0,0,0,0,271.26,259.91,298.99,77.8,79.93,80.08,44.75,46.742,6.3209,4.4587,89.875,93.762,12.36,8.3767,643.44,672.25,88.558,60.052
262.25,251.89,3.65,3.65,6.7794,0.42165,33.35,33.35,4.65,4.65,1e+05,1e+05,0,0,1e-05,1e-05,1e+05,1e+05,0,0.80501,0.49551,1,0,0.80501,1,438,0,0,0,0,32.69,24.73,28.11,140.47,158.52,155.92,19.727,26.804,46.798,40.121,13.547,19.004,38.65,31.97,97.937,136.77,277.67,230.07
306.02,275.66,3.65,3.65,5.2329,0.34633,33.35,33.35,4.65,4.65,1e+05,1e+05,0,0,1e-05,1e-05,1e+05,1e+05,0,0.82595,0.38529,1,0,0.82595,1,210,0,0,0,0,54.41,49.33,68.24,127.78,129.74,129.85,15.764,16.739,19.713,18.842,28.408,30.188,36.338,34.554,204.27,217.09,261.06,248.27
334.24,244.26,3.65,3.65,2.6887,0.034148,33.35,33.35,4.65,4.65,1e+05,1e+05,0,0,1e-05,1e-05,1e+05,1e+05,0,0.60489,0.19739,1,0,0.60489,1,413,0,0,0,0,217.48,154.69,379.47,59.6,60.1,60.53,70.306,74.574,7.5834,4.1754,60.072,63.797,5.9524,2.6492,430.5,458.16,42.84,18.967
352.86,316.11,3.65,3.65,2.1914,4.5051,33.35,33.35,4.65,4.65,1e+05,1e+05,0,0,1e-05,1e-05,1e+05,1e+05,0,0.6577,0.25687,1,0,0.6577,1,202,0,0,0,0,269.23,261.71,272.27,71.83,71.87,71.92,36,31.5,4.4925,8.2462,70.034,61.683,8.5966,15.801,501.78,442.81,61.653,114.13
154.88,214.19,3.65,3.65,1.3138,8.1422,33.35,33.35,4.65,4.65,1e+05,1e+05,0,0,1e-05,1e-05,1e+05,1e+05,0,0.84731,0.17762,1,0,0.84731,1,471,0,0,0,0,184.77,184.9,185.28,236.12,219.58,276.62,18.873,13.176,35.059,42.899,15.47,10.744,28.739,35.072,111.74,77.55,207.22,252.69
416.96,411.68,3.65,3.65,1.3215,0.15487,33.35,33.35,4.65,4.65,1e+05,1e+05,0,0,1e-05,1e-05,1e+05,1e+05,0,0.37436,0.13208,1,0,0.37436,1,453,0,0,0,0,29.76,26.65,31.63,54.59,69.44,65.22,42.054,32.857,63.879,73.108,30.802,23.459,50.602,58.872,221.49,168.48,363.31,422.65
367.13,264.89,3.65,3.65,1.32,0.47135,33.35,33.35,4.65,4.65,1e+05,1e+05,0,0,1e-05,1e-05,1e+05,1e+05,0,0.49265,0.17507,1,0,0.49265,1,377,0,0,0,0,291.24,285.46,366.65,36.79,36.91,37.52,75.959,73.131,2.4896,4.505,77.314,74.63,1.6631,3.7607,554.96,535.47,11.939,26.975
211.49,218.32,3.65,3.65,1.1253,0.22805,33.35,33.35,4.65,4.65,1e+05,1e+05,0,0,1e-05,1e-05,1e+05,1e+05,0,0.62762,0.25267,1,0,0.62762,1,335,0,0,0,0,31.21,32.56,32.74,70.65,64.61,89.07,11.592,11.48,31.988,32.2,12.152,12.158,36.07,36.601,87.493,87.41,260.35,263.54
232.83,209.38,3.65,3.65,8.1553,3.5221,33.35,33.35,4.65,4.65,1e+05,1e+05,0,0,1e-05,1e-05,1e+05,1e+05,0,0.32741,0.30357,1,0,0.32741,1,373,0,0,0,0,206.14,140.79,218.11,177.98,180.87,180.94,41.843,36.945,9.3254,13.793,43.214,37.828,9.3731,13.946,311.63,272.74,67.436,100.55
344.07,416.03,3.65,3.65,1.5625,1.2046,33.35,33.35,4.65,4.65,1e+05,1e+05,0,0,1e-05,1e-05,1e+05,1e+05,0,0.89525,0.32782,1,0,0.89525,1,459,0,0,0,0,31.33,32.5,32.53,224.59,86.48,164.88,2.1402,2.2838,105.2,105.22,0,0,86.201,86.364,0,0,618.84,619.58
351.18,349.99,3.65,3.65,4.516,0.92526,33.35,33.35,4.65,4.65,1e+05,1e+05,0,0,1e-05,1e-05,1e+05,1e+05,0,0.66617,0.3416,1,0,0.66617,1,111,0,0,0,0,21.73,47.84,47.87,182.51,175.63,179.33,5.3841,5.9632,16.69,16.133,19.185,21.249,59.817,57.762,137.59,152.39,429.26,414.48
312.19,308.21,3.65,3.65,8.294,4.3483,33.35,33.35,4.65,4.65,1e+05,1e+05,0,0,1e-05,1e-05,1e+05,1e+05,0,0.88429,0.47687,1,0,0.88429,1,420,0,0,0,0,138.48,97.7,109.09,171.53,222.53,222.54,28.705,31.352,47.453,44.763,25.297,27.499,42.684,40.307,181.86,197.89,306.48,289.9
125.92,110.12,3.65,3.65,8.2266,0.51584,33.35,33.35,4.65,4.65,1e+05,1e+05,0,0,1e-05,1e-05,1e+05,1e+05,0,0.64222,0.38257,1,0,0.64222,1,407,0,0,0,0,55.55,39.66,79.42,182.82,187.85,187.99,11.705,10.388,17.489,18.696,10.528,9.332,16.474,17.455,76.398,67.686,119.46,126.78
195.88,159.48,3.65,3.65,8.6418,0.28985,33.35,33.35,4.65,4.65,1e+05,1e+05,0,0,1e-05,1e-05,1e+05,1e+05,0,0.91435,0.23365,1,0,0.91435,1,493,0,0,0,0,80.34,51.66,119.88,165,165.57,165.81,33.078,33.852,21.12,20.479,24.769,25.311,15.953,15.432,178.58,182.4,115.41,111.5
239.21,186.35,3.65,3.65,5.658,0.032497,33.35,33.35,4.65,4.65,1e+05,1e+05,0,0,1e-05,1e-05,1e+05,1e+05,0,0.26493,0.19203,1,0,0.26493,1,377,0,0,0,0,89.43,75.19,109.79,126.88,127.2,127.73,24.477,27.769,23.201,20.516,19.838,22.464,23.168,20.239,142.99,162.09,166.83,145.57
398.75,464.39,3.65,3.65,4.7,9.0921,33.35,33.35,4.65,4.65,1e+05,1e+05,0,0,1e-05,1e-05,1e+05,1e+05,0,0.7836,0.16208,1,0,0.7836,1,193,0,0,0,0,210.74,211.75,212.16,219.18,221.6,224.43,21.509,17.607,24.357,29.094,43.85,35.808,49.749,59.405,314.54,256.74,356.35,425.84
164.99,164.64,3.65,3.65,6.0891,3.7678,33.35,33.35,4.65,4.65,1e+05,1e+05,0,0,1e-05,1e-05,1e+05,1e+05,0,0.6541,0.48773,1,0,0.6541,1,486,0,0,0,0,117.64,93.32,102.59,155.62,210.95,210.95,17.043,22.592,31.993,26.405,12.884,17.019,24.992,20.169,92.878,122.94,180.66,145.59
365.27,499.34,3.65,3.65,0.14611,0.30747,33.35,33.35,4.65,4.65,1e+05,1e+05,0,0,1e-05,1e-05,1e+05,1e+05,0,0.74006,0.21273,1,0,0.74006,1,213,0,0,0,0,19.75,19.77,19.81,223.91,235.46,244.05,2.9628,2.7651,54.432,54.61,4.628,4.3021,98.527,98.653,33.208,30.923,705.71,706.27
286.47,256.48,3.65,3.65,3.7285,0.15143,33.35,33.35,4.65,4.65,1e+05,1e+05,0,0,1e-05,1e-05,1e+05,1e+05,0,0.35687,0.25157,1,0,0.35687,1,307,0,0,0,0,60.91,45.19,74.97,86.56,90.62,90.71,24.73,21.908,24.303,26.855,29.067,25.611,29.876,33.073,208.68,184.14,214.56,237.99
453.5,352.84,3.65,3.65,5.3334,0.014832,33.35,33.35,4.65,4.65,1e+05,1e+05,0,0,1e-05,1e-05,1e+05,1e+05,0,0.75413,0.24071,1,0,0.75413,1,217,0,0,0,0,158.6,163.97,214.42,107.35,107.43,107.51,33.453,37.567,16.917,13.571,53.565,60.131,29.897,23.704,383.72,431.08,214.19,169.97
409.25,362.48,3.65,3.65,1.3077,0.0038478,33.35,33.35,4.65,4.65,1e+05,1e+05,0,0,1e-05,1e-05,1e+05,1e+05,0,0.38198,0.2956,1,0,0.38198,1,426,0,0,0,0,62.16,18.75,32.41,39.22,40.86,40.75,84.219,82.48,12.846,14.625,23.495,22.785,2.0335,3.931,171.46,165.56,14.636,28.228
397.65,300.51,3.65,3.65,2.4691,0.0032503,33.35,33.35,4.65,4.65,1e+05,1e+05,0,0,1e-05,1e-05,1e+05,1e+05,0,0.68088,0.28671,1,0,0.68088,1,377,0,0,0,0,248.5,72.75,342.54,49.44,50.15,50.35,80.286,80.203,3.9409,3.9446,44.101,44.582,0,0,317.9,321.66,0,0
376.9,226.25,3.65,3.65,0.83352,0.0078149,33.35,33.35,4.65,4.65,1e+05,1e+05,0,0,1e-05,1e-05,1e+05,1e+05,0,0.72713,0.14582,1,0,0.72713,1,408,0,0,0,0,321.99,326.75,340.83,28.96,29,29.37,84.044,82.18,2.509,3.6626,66.552,64.884,1.1274,2.1865,479.62,469.68,8.0373,15.878
425.61,249.19,3.65,3.65,8.8741,0.0070819,33.35,33.35,4.65,4.65,1e+05,1e+05,0,0,1e-05,1e-05,1e+05,1e+05,0,0.77296,0.22219,1,0,0.77296,1,344,0,0,0,0,483.38,466.32,494.2,145.7,145.72,145.97,78.188,74.14,2.2796,4.7684,74.716,71.013,1.6863,4.5657,535.82,509.61,12.154,32.814
286.94,206.14,3.65,3.65,3.0042,0.0025137,33.35,33.35,4.65,4.65,1e+05,1e+05,0,0,1e-05,1e-05,1e+05,1e+05,0,0.49923,0.24526,1,0,0.49923,1,412,0,0,0,0,241.14,71.57,381.15,71.78,72.4,72.67,62.792,63.017,5.5809,5.4236,26.547,26.389,1.4622,1.3001,192.7,192.07,10.562,9.427
372.67,226.7,3.65,3.65,4.4836,0.0016611,33.35,33.35,4.65,4.65,1e+05,1e+05,0,0,1e-05,1e-05,1e+05,1e+05,0,0.4324,0.12649,1,0,0.4324,1,491,0,0,0,0,336.45,298.26,354.2,80.83,81.13,81.9,86.002,86.453,13.105,12.787,37.652,37.597,6.8231,6.5389,271.48,271.39,49.215,47.054
278.67,457.02,3.65,3.65,0.0011664,1.1732,33.35,33.35,4.65,4.65,1e+05,1e+05,0,0,1e-05,1e-05,1e+05,1e+05,0,0.9871,0.20369,1,0,0.9871,1,257,0,0,0,0,35.97,35.98,36.14,314.65,312.26,320.49,3.9147,5.4286,59.754,57.626,2.2674,4.6416,52.976,51.29,16.158,33.432,381.03,368.32
449.46,486.14,3.65,3.65,0.013312,0.1945,33.35,33.35,4.65,4.65,1e+05,1e+05,0,0,1e-05,1e-05,1e+05,1e+05,0,0.42961,0.24343,1,0,0.42961,1,391,0,0,0,0,19.6,22.56,22.34,45.9,22.81,30.54,13.672,13.544,89.969,90.251,3.2584,3.6906,58.778,59.061,23.339,26.635,423.36,425.31
157.14,189.88,3.65,3.65,0.016257,3.9739,33.35,33.35,4.65,4.65,1e+05,1e+05,0,0,1e-05,1e-05,1e+05,1e+05,0,0.9682,0.30895,1,0,0.9682,1,470,0,0,0,0,90.79,92.27,92.28,53.2,29.3,61.45,10.167,11.416,41.966,40.454,6.322,7.5053,23.013,22.443,45.671,54.155,166.91,162.87
244.93,448.5,3.65,3.65,0.0051582,1.651,33.35,33.35,4.65,4.65,1e+05,1e+05,0,0,1e-05,1e-05,1e+05,1e+05,0,0.6256,0.17092,1,0,0.6256,1,259,0,0,0,0,40.92,40.92,40.94,247.27,247.35,247.43,4.4484,5.3267,57.191,55.847,5.3409,6.6421,71.098,69.354,38.573,47.822,510.57,497.79
303.51,396.37,3.65,3.65,0.00056624,8.8406,33.35,33.35,4.65,4.65,1e+05,1e+05,0,0,1e-05,1e-05,1e+05,1e+05,0,0.91709,0.33566,1,0,0.91709,1,253,0,0,0,0,155.11,155.39,155.78,233.48,85.21,354.52,12.091,8.7796,41.893,46.032,13.202,7.5117,21.146,23.151,94.654,54.07,153.47,168.31
233.48,305.9,3.65,3.65,0.00058558,5.5714,33.35,33.35,4.65,4.65,1e+05,1e+05,0,0,1e-05,1e-05,1e+05,1e+05,0,0.71876,0.24373,1,0,0.71876,1,453,0,0,0,0,112.26,113.04,113.14,150.99,47.74,232.17,10.367,7.6978,68.74,71.771,3.5959,1.0481,17.587,18.836,25.963,7.5469,130.49,137.58
328.11,462.66,3.65,3.65,0.014071,3.4896,33.35,33.35,4.65,4.65,1e+05,1e+05,0,0,1e-05,1e-05,1e+05,1e+05,0,0.89973,0.18172,1,0,0.89973,1,358,0,0,0,0,68.2,68.43,68.76,335.32,291.61,463.39,5.279,5.6805,84.821,84.392,4.3449,4.802,82.359,81.929,31.07,34.361,591.53,587.39
